0 -0.05997873 3.881889 1.060744 4.022852 -0.05597012
1 0.881978 2.055923 3.158514 1.972982 1.190973
0 0.07778947 3.950015 0.9496442 3.976893 0.04745127
1 0.9759833 2.03223 2.990049 2.017683 1.062813
0 -0.001502924 3.862673 0.8942838 4.020337 -0.02683437
0 0.07309237 3.982063 1.043907 3.860677 -0.1394614
1 1.075466 1.973227 3.115331 1.935488 0.9712817
1 1.052383 2.023146 2.945309 1.794608 1.0665
0 -0.1232345 3.950887 1.064607 3.793727 -0.09704569
0 -0.09496548 4.198201 1.03116 3.944146 -0.245377
0 0.03054905 3.861408 1.011096 3.981384 0.01029435
0 0.04253753 4.073914 1.007598 4.058374 0.002020406
0 0.05182248 3.924636 0.9499499 3.934404 0.05252374
1 1.039206 2.108131 3.05772 2.099134 0.940733
1 1.02918 1.979796 2.885656 2.061537 1.152299
1 1.035159 2.086295 2.965877 2.054699 0.9309102
0 0.04835939 4.021774 0.9759866 4.035043 0.1216715
1 0.9935628 1.820046 3.043966 2.020044 1.274689
0 0.007892047 3.975799 1.11067 3.87417 0.03206753
0 0.01854206 4.056757 1.279017 4.056842 -0.0284739
1 0.9933229 2.031644 3.203276 1.988367 1.046637
0 0.02875507 3.900913 1.032736 4.02596 -0.005857394
1 1.301105 2.041538 2.98524 1.857149 0.9419908
0 0.1984452 3.930667 0.9302567 4.113121 -0.03103734
0 -0.1034797 3.905835 1.033434 3.885246 0.06386851
1 1.022402 2.059276 2.812595 1.90902 0.9908694
0 -0.07982191 4.036214 0.8203425 3.982657 0.1691892
1 1.045799 1.978553 2.902739 1.87165 1.004713
1 0.9915077 1.856572 3.0147 2.028849 1.081905
0 -0.05650646 4.212651 1.027382 4.092245 -0.08995338
0 0.03374794 4.017401 1.141292 3.926251 -0.09283275
1 0.8233275 2.157173 3.053698 1.890529 0.9140318
1 0.9880913 1.929158 3.170542 1.927883 0.9823465
1 0.8331433 2.020183 3.058032 1.944598 1.219127
1 0.9714006 2.068372 2.994087 2.082351 1.034092
1 1.145743 2.044722 3.25554 1.999492 0.933755
1 0.9793985 1.971475 3.014324 2.052959 1.184378
1 0.9083729 2.141945 2.849763 2.039297 1.110903
0 0.04694468 3.877254 0.9156749 4.037941 -0.08575699
1 0.9486771 1.948381 2.956865 1.96596 1.097115
0 0.1355979 3.841312 1.005763 3.917394 0.03981753
1 1.050933 1.929683 2.853208 2.08312 1.081998
1 0.975983 2.042272 3.065964 1.862762 1.139214
0 0.09597872 3.963328 0.9299359 4.027454 0.003225299
1 0.9711467 2.127946 3.241291 2.17671 0.9959565
1 1.148386 2.045523 2.868177 2.019594 1.117093
0 0.06749921 3.9616 0.9946818 4.021634 0.06755447
0 0.03367505 4.028265 0.9504981 4.101734 0.07078604
1 1.100244 2.034765 3.066999 1.916041 1.021009
1 1.125759 2.071284 2.924824 1.971592 0.9087559
0 -0.1272016 3.9497 1.177838 3.906395 0.04804826
1 0.9045217 2.139942 3.068131 1.948915 0.9377252
1 0.8570199 1.927419 2.970393 1.867184 0.8818229
0 -0.1094034 4.111865 0.7155155 3.972358 -0.1576294
1 1.389749 1.895468 2.986165 1.975039 0.8420913
1 1.028065 1.866481 3.15529 2.038625 1.089437
1 0.9196124 2.056711 2.99011 1.970451 1.125021
0 -0.03390321 3.942313 0.963306 4.000469 -0.04299254
0 0.09329793 4.008979 0.8727545 4.039669 0.03660171
1 0.84862 2.163841 2.883738 1.927022 1.078759
1 1.129197 1.960701 3.09614 2.013011 0.9936373
0 -0.007353992 4.053879 1.072453 4.181206 0.08942078
0 -0.01979193 4.012991 0.9316148 4.061427 -0.007750263
0 0.02390428 3.943012 0.9908781 4.046584 0.1300912
0 -0.03305769 4.071728 0.8864171 3.997669 0.1553429
1 1.084719 2.099157 2.962625 1.87735 0.9186964
1 1.112452 1.924252 2.893964 2.096598 1.098249
1 1.135825 1.982142 3.142475 2.128304 1.065835
1 0.9596763 2.086839 2.808191 1.999044 0.9181569
0 -0.03777839 4.042385 1.121346 3.917853 0.1136643
0 0.01873418 3.915469 1.10332 3.99239 0.007448956
1 0.7039518 1.941565 3.053904 1.963 0.8805699
1 0.9697113 1.912672 3.018435 1.894152 1.075585
0 0.0255546 3.960855 0.9315138 3.985381 0.09540963
0 -0.02781899 3.985472 1.092702 4.095914 -0.03335177
0 0.08332732 4.021366 1.142146 3.935327 -0.04487602
0 0.04769053 3.958649 0.9348123 4.032784 0.1006483
0 0.1838498 3.923367 0.8631351 4.083551 -0.06493923
1 0.9726248 1.875931 3.046686 1.841935 1.109175
0 -0.006243416 3.845644 0.9993297 3.978847 -0.1681684
1 1.12573 2.028868 3.096105 2.069021 1.001927
0 -0.1297745 4.018878 1.159072 4.007205 -0.1485101
0 -0.004099826 3.965373 0.9953665 3.928377 -0.08229525
0 0.1146409 3.998589 1.006582 4.058481 0.2127332
1 1.155887 2.060979 2.986873 2.063305 1.244418
1 1.036987 1.821648 2.779064 2.05412 1.04924
1 1.042648 2.047799 2.852753 2.017539 1.035871
0 0.01538413 4.14738 1.121079 3.91814 0.02022348
1 1.074853 2.118633 2.935541 1.821027 0.8581947
1 0.9286157 1.993351 2.955842 2.014985 0.8297289
1 0.9447181 1.941612 3.088832 2.104094 1.061586
1 1.036826 2.024502 3.125096 2.024008 1.156378
1 0.9765551 1.803459 2.976316 1.910223 0.9098339
0 -0.007139343 3.894807 0.88459 4.028887 0.1500562
0 -0.02847477 4.075179 1.036151 3.972451 -0.05277447
1 0.8645309 1.989245 2.969471 1.948966 1.12693
1 1.03775 1.970344 2.841484 1.966207 0.8532065
1 1.068354 1.923607 3.070472 1.849382 0.9723841
1 1.006704 2.000353 2.975743 2.179795 1.225347
0 -0.03140819 3.972102 1.034966 3.914871 -0.02119884
0 0.2164902 3.918829 0.8000818 4.172582 -0.08308028
0 0.01085477 3.881811 0.8494105 4.079435 0.07663142
1 1.067415 2.149391 2.922573 1.896176 0.9180617
1 1.018387 2.206716 2.944046 2.218747 0.9036138
0 0.06538758 3.973632 0.9526616 3.819591 0.0688649
0 0.08442974 3.980896 1.03704 3.813104 0.1468284
1 1.120826 2.078224 3.109556 1.918737 1.080695
0 0.05123576 4.044274 1.141568 3.830025 0.03781216
0 -0.08449536 3.930645 0.8801545 3.937208 0.1990572
0 0.1286374 3.996038 0.9837153 4.029695 -0.04054597
0 0.05608123 3.927737 1.138173 3.986905 0.03506831
1 0.9538311 1.984336 2.98711 2.016963 1.099829
0 0.05947092 4.03167 0.9528681 3.966848 -0.05488455
1 0.9139238 1.996322 2.914257 1.869871 1.004749
1 1.068257 2.014357 2.873162 2.041679 1.187148
0 0.009908045 4.016186 1.110268 3.725309 -0.1272901
0 -0.03043724 4.066497 0.9812138 4.030481 0.01486401
0 -0.03495622 3.935276 0.7896156 3.988275 -0.0691596
1 0.9380726 1.914986 3.08199 1.993032 1.041905
1 0.9634384 2.078561 3.042341 1.882393 0.8774304
0 0.007651023 4.018289 0.9720946 3.919279 -0.16777
1 0.945008 1.988424 3.001207 1.97006 0.8850518
1 0.9108798 1.776171 3.222397 2.000557 1.117133
0 0.1105185 4.163025 1.048631 3.974308 -0.02676707
1 0.9154 1.975192 2.854835 2.109327 1.139373
1 0.8950818 2.075709 3.105621 1.970693 0.9073352
0 0.04970945 3.951246 0.9632263 4.070019 0.1432454
0 -0.007103264 3.901142 0.9329489 3.970296 -0.1061506
1 1.040441 2.084854 2.91044 1.767466 1.166976
0 -0.167032 3.977302 1.063098 4.047126 -0.06257662
1 0.9860492 1.834073 2.890585 2.015948 0.9469544
1 0.938258 1.992777 3.052572 1.914576 0.8719342
1 1.060033 1.914398 3.115848 2.07567 1.004189
1 0.9963441 2.11108 3.02783 1.969233 0.9071304
1 0.9154485 2.045639 3.019923 1.941428 0.9823991
1 1.218961 2.166401 2.936208 2.041622 1.111431
0 -0.04411511 3.963391 1.130953 4.133799 0.05298285
1 1.098877 2.015221 2.928702 2.132198 1.067259
0 0.001019821 4.117872 1.164399 4.074764 -0.1619678
0 0.1313843 4.028461 1.048604 3.945937 0.03038095
0 0.239229 3.67944 1.069883 4.103916 0.0635252
0 -0.05471545 4.068571 1.00164 3.884918 0.02321854
0 -0.317022 4.149577 1.155294 4.090961 0.06328047
0 0.2682835 3.986447 0.9120156 3.996849 0.329376
1 1.048753 1.92071 2.940508 2.087837 1.116992
1 0.8662439 2.085309 3.009455 2.18184 0.8598231
0 -0.03352507 3.965376 0.9602008 3.971122 -0.1271842
1 1.005096 2.003475 3.149854 1.875582 0.9159467
0 0.02296922 3.99362 0.9526641 3.896767 -0.04251766
1 1.013387 2.139932 2.974473 1.928787 0.8959168
1 1.061648 2.008261 3.033109 2.12536 0.946998
1 1.116844 1.961536 2.926229 1.774332 0.9269249
0 -0.0157911 4.116535 1.143573 4.136334 -0.07753045
0 0.1751986 4.047051 1.194749 3.955403 0.03474599
0 -0.111991 3.860152 0.9458475 3.94095 -0.2010573
0 -0.07814 3.914982 0.8533438 3.945815 -0.003731701
1 1.028635 2.089629 3.059108 1.673374 0.8566546
1 1.063949 2.127199 3.104343 1.946316 0.9930436
1 1.022931 1.950597 2.839446 2.065408 0.9907636
1 0.8780614 2.118589 2.995182 2.01588 0.9011666
0 -0.01530661 3.873387 1.192202 4.211312 -0.08048473
0 0.1196885 3.911123 1.096878 4.050365 -0.08935738
0 0.05156877 3.915029 1.068934 3.984628 -0.1043908
1 1.017954 2.049291 3.010135 1.934264 1.06707
0 -0.03091357 4.017501 0.9456642 3.864981 -0.2352448
1 1.004529 2.041583 2.941158 2.006076 1.051795
0 -0.0395896 4.075052 1.240041 3.82042 0.04230238
0 0.08706507 3.814758 0.9970106 4.120886 0.04567052
0 0.06819244 4.047028 0.9322357 4.032303 0.000592151
0 0.01039442 4.005668 1.001316 4.147536 0.06315786
1 0.9334997 1.993994 2.997444 1.962673 1.010157
0 0.1688068 3.940659 0.9736744 3.941004 -0.06078221
1 0.8291693 2.061592 2.990562 1.801726 1.064514
1 1.095178 1.886861 3.036157 2.034395 1.148533
1 1.016953 2.102564 3.027294 1.988148 0.9022757
1 1.027498 2.065788 2.916377 2.007067 0.9744522
1 0.8485243 2.055498 2.932148 1.940861 0.8400068
1 1.051277 2.118018 2.855041 1.883663 1.158146
0 0.01264587 4.043791 1.117108 4.007651 -0.08450918
1 1.106056 1.928046 2.978335 2.032764 0.9499337
1 1.071189 1.908661 2.985122 2.089539 0.8911634
0 0.05282629 3.834471 0.763482 4.214354 -0.1508326
0 -0.1155165 3.864309 0.9009436 3.954843 -0.117774
0 0.1223228 4.072725 1.051256 4.135896 -0.06343927
1 0.9237196 2.034651 2.99154 2.116064 1.085462
0 0.05170753 4.15215 0.9713854 4.015787 0.01452442
0 -0.1114502 3.935512 0.9808656 4.042224 -0.03800463
1 0.8917281 1.886422 2.949877 1.963872 0.9742424
1 0.9361238 1.97339 2.916185 2.171897 0.9919914
0 -0.1404138 4.078747 0.9813492 3.838453 0.1696916
0 -0.1516413 3.881537 1.035866 3.764995 0.01089285
0 -0.1521677 4.043102 1.085203 4.039248 0.155002
0 0.08642844 4.000442 1.031816 4.022998 0.008536634
0 0.2075735 4.139955 1.121094 3.857502 -0.1759541
1 1.066487 2.08493 2.978965 1.890059 1.059892
1 1.14504 2.011683 3.033674 2.092864 0.8059702
1 1.003775 2.138137 2.931368 1.918037 1.059393
1 1.005969 1.989937 2.861527 1.856643 1.006898
0 0.05821497 4.055942 1.130323 4.140563 -0.03153117
1 1.017489 1.961538 2.864991 1.986694 1.045813
0 0.1776143 3.930689 1.205047 4.152052 -0.1092533
0 0.1238928 4.032245 0.920112 3.943146 0.132783
1 0.9710204 2.039832 3.043923 1.855056 1.002435
0 -0.09161894 3.923094 1.014739 3.976691 0.004054482
0 0.0437986 4.01524 1.00141 4.153599 -0.03799857
1 0.9950172 2.055786 2.944899 1.952283 0.8467749
1 0.8962499 2.223411 3.020237 1.966007 0.9654601
0 -0.03758655 4.017982 1.049251 4.004577 0.001468586
0 -0.08126987 3.954843 0.891153 3.947321 -0.107292
0 0.01367401 3.982757 1.006221 4.127966 0.007146253
0 0.1145786 4.039057 1.137212 4.014808 0.055093
0 -0.03609719 3.925947 0.9359445 3.972602 0.0500441
1 1.077598 1.982425 3.022189 2.061744 1.027271
1 0.9976896 1.978904 3.081218 1.850469 0.9348004
0 -0.1849021 4.019432 1.064971 3.934628 -0.1080354
0 0.1065425 4.004425 0.9924244 3.996081 0.1976677
0 -0.06601509 3.942111 1.095615 3.799449 -0.1192354
1 0.9752743 2.036766 3.189018 1.981116 0.9549892
1 1.085329 1.98185 2.983775 1.980007 0.9978178
0 -0.09106402 3.964176 1.116048 4.036515 -0.1004754
1 0.9924537 2.089312 2.93686 1.989311 1.005274
0 -0.02037598 4.135518 0.9789297 4.359569 -0.002963992
1 1.074821 2.013449 2.999298 1.943505 0.824126
0 -0.03532052 4.066477 0.787188 4.049385 0.1550712
0 0.1847431 4.007626 0.9929259 4.076198 0.02084531
0 0.1165553 3.999602 0.9111663 4.161295 -0.06884743
0 0.03318796 4.063763 0.8299561 3.997147 -0.05624863
1 1.076154 2.202045 2.775847 1.932242 1.087081
1 1.180202 2.066719 2.739407 1.965852 0.9924958
1 1.245162 2.092066 3.171648 1.78259 0.9754938
1 1.127711 2.070469 2.928264 1.959907 0.9827732
0 -0.06914111 3.860759 0.8776253 3.908464 0.01696017
1 1.166558 2.178046 3.111518 2.085648 1.095571
0 0.0140152 4.071861 0.9967664 3.844037 -0.01119804
0 -0.08366612 3.992089 0.9645313 4.068008 0.04283764
1 0.9780129 1.914529 3.001339 1.899954 0.8363969
0 -0.118551 3.938606 0.9501274 3.992632 -0.03282831
0 -0.02272242 3.73631 0.9664431 3.893981 -0.07458687
1 1.168279 2.166264 2.858667 1.887598 1.084778
0 -0.0560407 4.175511 1.126444 3.929912 0.1215765
1 1.076039 2.132835 2.947394 2.035969 1.006597
1 0.9146589 1.878202 3.025848 1.838844 1.166014
1 0.8036473 2.218582 3.005718 1.97425 0.9603501
1 0.8691246 1.82651 2.971486 1.970544 0.919251
1 1.160425 2.087376 2.937011 2.118356 0.893623
0 -0.02940361 4.104042 1.055685 4.014486 0.138646
0 -0.1657643 4.073771 1.135783 3.929695 -0.06583694
1 1.163062 2.208291 2.932273 1.898918 0.9557852
1 1.241254 2.141988 3.153984 1.961926 0.8521312
1 0.9641203 1.937522 3.225776 2.12134 0.9696002
0 -0.08954367 4.00489 1.112107 4.007956 0.04093471
0 -0.1078538 3.9083 0.8056761 4.102081 -0.09240333
0 -0.06350158 4.018145 1.080561 3.880256 -0.01670231
0 0.1108454 4.189682 1.098581 3.904503 0.08001525
0 0.03722263 4.111734 0.9927506 4.007587 0.03297275
0 0.07821784 3.976501 0.8690734 3.95319 0.08060956
1 1.000879 1.968784 2.994044 2.040118 1.180901
0 -0.03207116 3.768796 1.169233 3.983947 0.01523241
0 -0.1333674 4.080027 1.06507 4.149369 -0.0931755
1 0.8119579 1.881483 3.015433 2.012899 0.9679302
1 0.951894 2.145402 3.104472 2.142005 1.005723
1 1.041978 2.09681 2.952551 1.852742 0.9931862
0 -0.09533175 3.953097 1.006726 4.092297 -0.07909357
0 -0.03174468 3.870042 1.075323 3.86213 0.03009479
1 1.001747 2.134205 3.12347 2.111423 0.9936371
0 0.1899816 3.940534 0.9813856 4.141928 0.08728029
1 0.7935856 1.975326 2.966186 2.0575 0.8829182
0 -0.002510239 4.23134 0.9085268 3.926684 0.1417151
0 0.001617194 4.124332 0.8212578 4.065428 0.007084836
1 1.016346 2.051558 2.897612 2.009751 0.9442169
0 -0.3258411 3.972727 1.240811 3.836041 -0.05961989
1 1.033935 1.950437 3.05606 2.077168 0.7175575
0 0.0950016 3.840473 1.120772 3.996209 -0.02849511
1 0.867655 2.138657 2.998176 2.100917 1.03354
1 0.8605469 1.858127 2.9668 2.103776 0.9842975
0 -0.07993544 4.127847 1.104495 3.925425 0.1768462
1 0.9153809 1.810838 3.12715 2.052652 1.134033
1 1.041528 1.845577 3.00844 1.887333 1.151561
1 0.8857029 1.953613 3.092402 2.005223 1.022323
0 0.292162 3.968791 1.075201 3.989679 -0.009971147
0 0.2132788 4.241207 0.9562521 3.713354 -0.1795826
0 0.2202038 4.105535 0.8486999 3.962919 0.2532248
1 1.016964 2.054205 3.120441 1.989891 1.067409
1 0.8585924 1.874853 3.00303 1.897881 1.093782
1 0.9074814 2.210539 2.931524 2.109921 1.079187
0 0.02736916 3.921833 0.8834038 3.936925 0.03357888
0 -0.1908338 4.004736 1.152848 4.151896 -0.05677707
1 1.100053 1.87095 3.048194 1.873377 1.08081
0 0.0390906 3.990071 0.8257882 3.941159 -0.04361654
0 -0.01490155 3.953984 1.112379 4.129851 0.3231458
1 1.109079 2.099259 2.889162 1.941837 0.9436478
0 -0.08271749 4.041158 0.8833559 4.015095 -0.1676637
0 0.1053618 4.027454 0.9456352 3.919842 0.06925678
1 1.07415 2.09331 2.961415 1.946986 1.063031
1 1.013603 2.069647 2.920486 2.201424 1.013802
0 -0.1205493 4.039471 1.146131 3.874492 0.01190247
0 -0.0821032 3.920635 1.027011 3.952368 0.0265946
0 0.03436503 3.983307 0.9825923 4.000426 -0.07191169
0 -0.09718549 3.916074 1.001445 3.875028 0.01663146
0 0.0305566 3.996739 1.001123 4.220234 0.1194517
0 -0.06229001 3.998894 0.8073804 4.054813 0.001463253
1 0.9295915 1.957727 2.952577 1.874125 1.012195
0 -0.01309239 4.224252 1.050165 4.025863 0.03105925
1 0.8576113 1.930679 2.964732 1.948539 0.9412373
0 -0.03108486 3.904406 0.8702018 4.051347 -0.09621073
1 0.9525023 2.116787 2.852639 1.948747 1.128231
1 1.097497 1.995619 2.957983 1.820556 0.9684403
1 1.088081 1.871163 2.909883 2.012614 0.9805075
0 -0.004947845 4.068524 1.011814 3.896628 0.05358752
0 0.07861947 3.963594 0.8894906 4.065551 0.1378645
1 0.9656473 2.105115 3.185986 2.066978 0.8823325
0 0.04083426 3.85207 1.218704 3.978501 -0.1878423
0 0.08099656 3.952897 1.13156 4.189708 -0.002925994
1 0.9415582 2.015779 2.850853 1.857941 1.106575
0 -0.08521368 4.125776 0.8893878 3.944704 -0.07859329
1 0.9261027 1.819887 2.9813 2.067657 1.030068
0 -0.05934116 4.015696 1.183552 4.015446 -0.06185861
0 -0.1593446 3.953115 1.043604 3.767568 0.1303314
0 0.07330912 3.799019 1.378106 3.980133 -0.1548855
0 -0.01427941 3.973015 1.160933 4.200297 0.0454597
1 0.9250152 1.944515 2.999018 2.058055 0.8382584
0 0.0699005 4.073097 0.9346212 4.167129 -0.05848199
0 -0.06238728 4.095091 1.05348 4.087299 0.02247131
1 0.8685416 2.040349 3.017357 2.066148 0.9258037
1 1.007892 2.075466 2.957404 1.980615 1.124429
0 -0.001204185 3.891207 1.064066 3.814135 0.2623516
0 -0.05094044 3.972804 0.8934539 4.072248 -0.03550289
0 -0.1182236 4.132319 0.9453468 3.920479 -0.005007389
1 0.8950342 1.810056 3.06169 2.115517 1.101013
0 0.1622799 3.99238 0.9743947 3.983463 -0.02137647
0 -0.1511106 4.069782 1.006724 3.834605 0.1534109
0 0.008053933 3.875096 1.060057 4.129498 -0.002615642
1 1.162324 1.913326 2.970834 1.973697 1.146619
0 0.05116827 4.124331 1.094045 3.894779 -0.008312705
1 0.9275589 1.954916 3.05855 1.962319 0.8556413
1 1.037 1.994049 2.8718 2.009715 1.258714
0 0.01166812 4.005483 0.9711276 3.954932 -0.008592253
0 0.006031736 3.81882 1.056598 4.151505 -0.05252452
0 0.1413209 3.913378 1.050423 3.975574 -0.06395303
1 0.9661641 1.951101 3.032638 1.845072 0.7615284
1 1.043007 1.890371 2.93075 1.842784 0.8489406
0 0.1447001 4.133533 0.8929017 3.838462 -0.07455811
1 1.045428 1.996535 3.145718 2.020008 0.9308261
0 -0.07905933 4.097254 1.095295 4.048855 -0.04440836
1 1.075274 2.050742 3.074738 1.765858 0.9470822
0 0.09057272 4.051436 1.068074 3.854339 0.0003360299
0 0.06689462 3.880684 0.7784853 3.958245 -0.05219079
1 1.013018 2.045918 3.012957 2.179983 1.126745
0 -0.076572 4.138577 0.9036782 3.995803 -0.03882856
0 -0.1362863 4.030646 1.188377 4.008553 -0.00338641
0 -0.03587403 3.948637 0.8842956 4.057727 0.02835783
1 1.06148 2.033254 2.913018 2.096485 1.045679
1 1.069903 1.906331 3.098655 1.918964 0.8772774
1 1.024074 2.074057 2.967546 2.034593 0.9666139
1 0.8683221 1.973669 3.016371 2.019052 0.6654473
1 1.030625 1.937085 2.935058 2.040557 1.124948
0 0.05392027 4.067461 1.032387 4.128067 -0.007113145
0 -0.02750536 4.152744 1.119197 3.814996 0.05247649
1 1.042898 2.019079 3.130757 2.178658 0.902918
1 0.9953369 1.999787 2.982289 2.001628 1.022533
0 -0.1497395 3.899887 1.143208 4.025242 0.1226305
1 0.976927 2.034454 2.950418 2.088813 1.053758
1 0.9085518 1.944479 2.810341 2.07184 1.182426
1 0.9022706 1.96234 3.176625 2.035049 0.8994332
1 0.8354624 1.913368 3.023759 2.073263 1.101452
0 -0.04364093 3.904594 1.046023 4.021402 -0.06444725
1 0.916398 1.944008 3.064336 1.878674 0.869924
0 0.1041988 3.904114 1.049272 4.065707 0.07260901
0 -0.007689471 4.022545 0.9719891 4.062053 -0.06410788
0 0.0337721 4.166349 0.9803688 3.784885 0.08539326
0 0.05097064 3.962791 0.970856 3.967243 -0.02912977
1 0.9401989 1.862481 2.795002 2.069752 1.041051
0 0.1058222 4.096088 0.8970047 4.134001 0.02369706
1 1.05154 2.031766 2.98641 1.955881 1.154617
0 -0.01122874 4.006624 1.178379 3.850916 -0.1020421
1 0.9041947 2.107968 3.009397 1.986655 0.7519752
1 0.8578116 1.934702 2.963569 1.992014 1.055559
0 0.04416632 3.771161 0.9617561 3.952164 0.1691662
1 0.8429074 1.962766 2.940262 1.842304 1.040247
1 0.8081323 1.882038 2.813852 1.872667 1.057902
0 -0.1696496 3.9501 0.997792 3.972535 -0.0741226
1 0.9415794 2.008973 3.045954 2.066233 1.110876
0 -0.1197605 3.995709 0.9179194 4.016893 0.0126952
1 0.8545508 2.09004 2.991139 1.765265 1.039059
0 0.0458022 4.112496 0.9450934 4.117404 -0.03342362
1 1.021827 1.966074 2.793571 2.094737 0.8996736
1 0.957818 1.88631 2.985895 2.081496 0.9701668
1 1.041544 1.942539 3.003046 2.095588 0.9945645
0 0.01812331 3.9797 1.028252 4.015872 -0.2733082
0 0.07597533 3.984635 1.116966 4.05549 -0.1262184
1 0.6646535 2.004242 3.037426 2.075347 1.040206
0 -0.1232555 3.992794 1.104651 4.041612 0.2012244
1 1.054528 1.943225 2.960815 1.921138 1.03697
0 -0.0114626 4.187676 0.8577472 3.86214 -0.06906314
1 1.055754 1.84888 3.037501 1.920011 1.062144
1 1.046751 2.100343 3.14488 2.051138 0.9503573
1 1.096873 1.785036 2.82703 1.988727 1.070264
0 -0.0724676 4.135265 0.853392 3.910543 0.1250627
1 1.01383 1.873219 2.893729 1.986598 1.023611
1 0.9505431 2.033086 2.831938 2.082662 0.7987629
0 0.2264051 4.124521 0.9445148 3.950341 -0.01693836
0 -0.04348128 3.914033 0.9615963 4.156708 -0.01635971
1 1.117619 2.073424 2.946909 2.05017 1.011554
1 0.9555133 1.984884 2.734773 2.074282 1.006142
0 -0.08601238 4.033499 1.175789 3.923188 -0.02884505
1 0.8738655 2.077793 3.038198 2.080884 0.9126885
0 0.04374312 4.006812 1.035858 4.053888 0.003370351
0 -0.1000136 3.9069 0.9769023 3.936657 -0.01978872
1 1.011388 1.833457 2.936552 2.003704 1.008322
0 -0.06147435 3.932122 1.098484 3.804286 -0.1180337
0 0.07982426 3.969618 1.183011 4.285718 0.08234423
1 0.9937349 1.942483 2.977908 1.865844 0.864168
0 0.05309283 3.700648 0.955235 3.866303 0.01312609
0 -0.2315405 4.093714 1.075768 4.096524 0.05324201
0 -0.1854327 3.908748 0.9980235 3.926107 -0.1204827
0 -0.07825532 3.948818 1.054303 4.078989 0.004184445
0 0.04103938 4.093183 0.913996 4.003318 0.03765165
0 -0.0003056999 3.985404 0.7898667 3.784084 -0.1835445
1 1.006174 2.008725 3.076576 1.981772 1.091147
1 1.148947 2.124027 3.003317 1.978793 0.9818704
1 0.7767568 2.029325 2.918847 2.022333 0.9728814
1 1.13648 2.007088 3.032136 2.10741 1.088244
0 -0.1342399 3.947745 1.059311 4.106115 -0.01332596
0 -0.06823871 3.89625 1.049635 4.205931 -0.09922909
0 0.2057473 3.93051 0.9752598 4.10147 -0.02709897
1 0.9606964 2.03756 2.85592 2.102917 0.8840466
1 1.060545 1.960235 2.865902 2.045843 0.9714246
0 -0.05836154 3.95584 1.147557 3.845181 -0.02813438
0 -0.1079494 4.102145 0.8684715 3.914038 -0.04246576
0 -0.09361595 3.811913 0.8330782 3.931985 -0.09906241
1 1.195781 1.986834 3.118066 1.965646 1.315602
0 -0.08433501 3.938644 0.9818107 4.163156 -0.0741723
1 0.9648053 1.985736 3.013934 2.023612 0.8944327
0 0.03847793 4.044533 1.004113 3.902321 0.05426583
0 0.1683233 4.118941 1.00948 3.997476 -0.06736582
1 0.9687028 1.98579 2.9591 1.964797 1.000572
1 0.9976603 2.058893 2.880571 1.859554 0.9778879
1 1.023929 1.953022 2.947044 1.929441 1.038916
1 1.024647 2.006916 2.975063 2.039882 1.108335
0 -0.1476254 3.975616 1.088476 4.088681 -0.04878355
1 1.049316 1.934439 2.883016 1.83191 1.054897
1 0.9176381 2.071981 3.218716 2.004045 1.04823
1 0.9987143 1.934656 3.072144 1.971948 0.9965976
0 0.03522256 4.025495 0.9874961 3.951468 -0.04958062
0 -0.09242406 3.896518 1.002703 4.13664 0.01121538
0 -0.01301149 3.904333 0.9140211 3.895478 -0.2240966
1 1.134644 1.951251 2.902943 1.993192 1.067138
1 0.9491551 1.943519 3.019962 2.017044 1.024998
1 1.095761 2.026168 2.947466 2.080252 0.9605582
1 0.9343892 2.081352 2.959695 2.068816 0.9200785
0 -0.005834673 4.139441 1.037639 3.779617 -0.06380596
0 0.09787581 3.859794 1.014412 4.050965 -0.08365404
0 0.04312468 3.973966 1.066557 4.073773 -0.1875905
1 0.9087199 2.069367 3.192532 1.829337 1.040349
1 0.9570049 1.947266 2.856258 2.045736 1.000025
1 1.086605 2.05224 3.175468 2.098625 0.983835
1 1.026646 2.012088 3.095897 1.913654 0.9738536
1 1.035663 2.056299 2.835398 1.922764 1.145766
0 0.01805071 3.897023 1.177063 3.976832 -0.05515341
0 0.0009459639 4.073089 1.105528 3.866498 -0.07506842
1 1.101357 1.894583 2.866546 2.044195 0.9364387
1 1.008825 2.097873 3.002443 1.99987 0.8878808
1 1.010135 2.047743 2.990956 1.943478 0.9909816
1 1.0316 2.14003 2.833079 1.961522 0.9200969
1 1.058492 1.916034 2.936859 1.98333 1.018347
0 0.1846749 3.78881 1.05205 3.868877 0.04955201
0 0.1237925 3.906062 1.180602 3.934089 -0.123118
0 0.1760059 4.133278 1.054418 3.965813 0.05296251
0 -0.06755815 3.920684 1.161885 3.962883 -0.1725717
1 0.8890641 2.032422 3.10499 1.952722 0.9620097
0 0.01265608 3.955703 0.8845988 4.006647 0.04656068
0 0.2466671 3.916179 1.073824 4.096351 -0.03305268
1 1.035918 2.005489 2.974068 2.187551 1.008152
1 1.109161 2.011401 2.962309 1.949376 1.203961
1 1.033008 1.757627 3.185114 2.053771 0.9001344
1 0.9094365 1.86526 3.026957 1.846546 0.755954
0 0.01888955 3.908351 1.174563 4.154069 -0.1116195
0 0.05945201 3.952721 0.9275814 3.895141 -0.1246676
0 0.02313454 4.013778 0.9630713 3.978397 -0.1011128
1 0.924134 1.930577 2.919832 1.872116 1.084637
0 -0.004681826 4.105434 1.009473 3.9439 0.02533741
0 0.04120817 4.038577 0.9181675 4.02716 -0.06764858
0 0.0480664 4.039206 0.99787 3.971421 0.1486328
1 1.217172 1.862941 3.078269 1.950634 0.9816102
1 1.057194 2.015219 2.937123 2.104331 1.027103
0 0.09522106 3.968479 0.9950143 3.996525 -0.0737876
0 -0.06014161 4.044648 1.029157 3.805553 -0.03281689
0 0.03538861 4.089029 0.9448285 3.95464 0.06952077
1 0.9436993 1.923984 3.128002 2.063556 0.9865466
1 1.069539 2.187957 3.056451 2.022877 1.072411
1 0.9471425 1.947379 3.108735 1.906634 1.035568
0 0.2289271 3.88094 0.9576045 4.155783 0.003971156
1 1.067804 2.108559 3.031102 2.017098 1.028534
0 0.03343901 3.865352 0.9118186 4.154534 0.02209038
0 0.2168884 4.064286 0.9829763 3.976427 -0.1055131
0 -0.03051834 3.929118 0.8254834 3.831293 -0.1828985
0 0.01125227 3.88927 1.070347 4.045626 0.004371458
0 -0.00159728 3.996508 1.093325 3.972067 0.04990341
0 -0.06341093 4.059111 0.9091632 4.14404 0.1375636
1 0.9880943 2.121804 2.885964 2.109702 0.9993061
0 0.0638011 4.087215 0.9305828 4.013232 -0.09565581
0 -0.1193136 4.099417 0.960373 3.933859 0.05544576
0 -0.08275563 3.914385 0.7796706 4.049223 0.07221455
0 -0.07651376 4.15952 0.9574088 4.043836 -0.02012789
1 0.9052158 1.965079 2.92044 1.968871 0.9228272
1 0.9646672 1.902787 3.05645 1.894971 0.8159258
0 -0.03809633 4.043028 0.9483025 4.076304 -0.01780872
1 0.8141245 2.000829 2.979987 2.135121 1.294889
0 0.005938762 4.019194 0.9065539 4.126414 -0.08019435
0 -0.1417213 4.098532 1.034569 3.890663 0.2045633
1 1.098163 2.031306 3.066305 1.993734 1.048465
1 0.8578364 2.030621 3.005287 1.990821 1.043605
0 0.02242662 4.219306 0.7675063 3.849174 0.004752409
1 0.9811174 2.080064 3.19068 1.967653 1.016691
1 0.9340625 1.970467 3.049651 2.11434 0.8180064
0 -0.07647222 4.019701 1.02401 4.075024 0.1361468
1 0.8015976 1.96427 2.962588 1.866458 1.022714
1 1.075916 1.872754 3.031921 2.082044 1.021497
0 -0.06081002 3.874589 1.060751 3.912813 0.200156
1 1.131697 1.916185 3.111222 1.914033 1.032539
0 -0.03919885 3.999216 1.09051 4.006082 -0.216435
0 -0.1176893 3.903697 1.030077 4.107738 -0.07233533
1 1.054482 1.922535 2.904984 2.084254 1.16147
0 0.09005925 3.886324 1.01642 4.082454 -0.1257813
0 0.03447891 4.004891 0.9709404 3.982669 0.0004493026
0 0.04517722 4.027876 0.8903401 3.963768 -0.1293382
1 1.059913 2.009048 2.982773 2.068178 0.9719055
0 -0.1592219 3.962227 0.9221192 3.877954 -0.05324983
1 0.9322408 2.080706 2.971115 2.037586 0.924253
1 1.025079 1.973806 2.894389 1.855069 1.004987
1 1.032066 2.055925 3.010542 1.965301 1.069283
0 0.06610328 3.928551 1.051339 4.013209 0.01956722
1 0.9858458 1.969297 3.034837 1.933162 1.080835
0 0.00731675 3.938583 0.986348 4.004292 0.03787029
0 0.1275831 4.069774 1.084571 4.011407 0.05840273
1 1.001986 2.025147 2.662075 2.059906 0.9353821
1 1.065355 1.806494 2.754674 1.771022 0.9496213
0 -0.03747454 4.034395 1.147552 4.074134 0.03138857
0 -0.02648819 4.027108 0.9692423 4.018736 0.09027302
0 0.08878559 3.970236 1.066881 3.969881 0.03802137
0 0.0291705 4.08109 1.246917 4.063769 -0.1437707
0 0.02338455 3.977476 1.077033 4.110721 -0.05727228
0 -0.09020001 4.043043 0.8162967 4.095707 -0.04152982
1 0.9609459 2.34878 2.923282 2.123368 1.137737
0 -0.05005298 3.861064 1.101604 4.031756 -0.2706353
1 1.009445 2.104473 3.101654 1.930594 1.034526
1 0.8998928 2.109178 3.005701 2.009573 0.8205607
1 0.9372902 1.80267 3.085187 2.08691 0.9883801
0 -0.1076188 4.043677 1.118381 3.944742 0.06733439
1 0.9740537 2.031839 2.856901 2.081509 1.125778
1 0.8991372 1.93607 2.832326 2.116076 0.876432
1 1.054537 1.796769 2.935968 1.88877 1.044279
1 1.121126 2.007811 2.875165 1.967022 0.9720478
1 0.9148365 2.15296 2.976099 2.092614 1.035771
1 0.9498772 1.850324 3.007027 1.878263 0.967673
0 0.03721747 3.903215 1.011119 3.987614 -0.01539579
0 0.01871918 4.041183 1.115692 3.951062 0.00129004
0 -0.0450803 4.10275 1.027408 3.985513 0.08140123
1 0.8626323 2.026585 3.151448 2.161517 0.9438081
0 0.05780968 3.970567 0.8584099 4.157746 -0.08603972
0 0.02007014 4.051554 0.9039312 3.852885 0.002575742
0 -0.11951 4.20546 1.041775 3.863369 -0.0776919
0 0.1153178 3.87685 0.9872454 4.069481 0.09529933
0 -0.001450208 3.981188 0.6775032 4.0638 0.01479765
0 -0.2048404 4.050834 1.047266 3.939973 -0.02311157
1 1.090013 1.910902 3.133943 1.858518 1.149334
1 0.92901 2.120386 3.006599 2.072444 1.028066
1 1.208879 1.971174 3.073747 2.074637 1.030321
1 0.9983504 2.085003 2.97371 2.003584 1.232638
0 0.03127184 4.115432 0.9454423 3.947272 -0.1360781
1 1.103326 2.075646 2.907548 2.027469 1.022816
0 -0.1596967 3.849033 1.024129 4.142365 0.0176682
0 0.02717691 4.025365 1.213137 3.909322 -0.1182469
1 0.9817796 1.875049 2.968003 1.925545 0.9927992
1 0.9258598 2.073581 3.068923 1.868429 0.9586876
1 0.9094657 2.056268 3.037978 2.028741 1.017266
1 1.036459 1.969914 2.915276 1.953282 0.8946705
1 0.9984819 1.955256 3.0459 2.043319 1.162276
0 -0.03614027 3.88529 1.131775 4.041034 -0.07701415
1 1.037992 2.124089 2.857136 1.93505 1.053826
1 0.8649051 1.869239 3.126008 2.017572 1.104908
1 1.151184 1.876003 3.014516 2.062938 1.211221
1 1.065699 2.052821 2.980332 2.000001 1.011083
0 0.003373538 4.038837 1.067988 3.925761 0.09622544
0 0.06970642 3.962472 1.144043 3.910917 -0.04357179
1 1.078121 1.901677 2.98624 2.021194 0.9356265
1 0.9904039 1.803946 2.820611 1.906411 1.085937
1 1.167799 1.896101 2.814075 2.032336 1.253264
0 -0.04164801 4.128136 1.16052 3.972997 -0.01962962
0 0.05481881 4.204827 0.9455505 3.783752 -0.2190845
0 0.1006262 4.167123 0.9596589 3.977439 -0.0546986
1 0.8752541 2.105993 3.096875 1.853977 1.013158
0 -0.04520945 3.977325 1.008903 3.946801 0.003103414
1 0.881429 2.055972 3.105476 1.930012 1.022279
0 0.001344468 4.080622 0.9440563 3.90325 -0.1078502
0 0.1242114 4.198647 0.9886705 4.114343 0.02523749
0 0.04773838 4.178182 0.9111681 3.898674 0.1054531
0 -0.06999099 4.058264 1.030059 3.96076 0.09658366
0 -0.03912671 3.70973 1.046709 3.795606 0.2054263
0 -0.01784625 4.043763 0.9187128 3.939835 -0.1164006
1 0.8929758 2.141907 2.979814 1.979157 0.9797352
1 0.8529347 1.924232 2.984664 1.942161 1.105171
0 -0.04670188 3.944877 0.9292956 3.991566 0.04779295
0 0.1453268 3.892406 1.035268 4.156393 -0.1277766
1 0.8614077 1.775818 3.253474 2.178134 0.8549784
1 1.116193 1.989393 2.954975 1.972692 1.015663
0 -0.04530811 4.091583 0.8763327 3.902937 0.1319132
0 -0.01679989 3.944589 0.8524536 3.941183 -0.09933304
1 0.8558942 2.146793 3.055736 2.093594 1.075309
0 -0.2041281 3.89009 0.9125039 3.993643 -0.01558302
0 0.0660322 4.046124 0.948994 3.926394 -0.003065608
1 1.075676 1.885786 3.019466 1.983307 0.9739744
0 0.03118479 3.900869 1.021961 4.15864 0.1487803
1 1.183045 1.932127 3.075227 1.90502 1.003374
0 -0.02398898 3.988833 1.152084 4.213817 -0.1217572
1 1.106784 1.896232 3.09303 2.030526 0.7325659
1 0.908604 1.95904 3.130483 1.853076 1.048382
0 -0.1016362 3.983289 1.057006 3.993255 0.07064552
0 -0.1224189 3.965055 1.010506 3.99249 -0.041315
0 0.003286135 4.102477 0.9553966 3.990945 0.01407582
0 0.1738107 3.982651 1.032685 4.004657 -0.1046673
0 -0.08902878 3.847577 1.067988 4.199105 -0.1182122
0 0.0638581 4.06248 0.9599065 3.930811 -0.08444885
1 1.146889 2.000737 3.022099 2.008116 1.093142
1 0.8764426 2.044186 2.930557 1.955367 1.077671
0 0.153137 4.000213 0.9413791 3.86798 -0.1072961
0 -0.006110959 3.873854 0.9827769 3.956906 0.03113202
1 0.984134 1.919745 3.111583 2.024611 1.041778
1 0.9909359 1.905989 3.19179 1.956638 0.8292367
0 -0.1065987 4.019078 1.038987 4.035698 0.09221746
0 -0.03445876 3.914009 1.048581 4.10072 -0.003562132
0 -0.05777075 4.107999 0.903868 4.127062 0.03526302
1 1.104892 1.867595 2.96157 2.18669 0.9731528
0 0.05267034 4.061414 0.9097205 3.898799 -0.06385948
0 -0.1782173 4.061193 1.032466 3.955 -0.07900374
0 0.09354923 4.062113 1.206014 4.071875 -0.04895622
0 -0.06494388 3.983147 1.002775 4.134992 0.1029609
1 0.9261159 1.784482 3.085766 2.14871 0.9347431
0 0.02131848 4.077805 0.987767 3.876932 -0.1216923
1 1.047138 1.940714 2.99721 2.005664 1.045168
1 0.8041263 2.104617 2.95165 1.954622 0.9793608
0 0.02833472 4.010475 1.046064 4.035243 -0.0540468
1 1.111784 2.00064 3.084937 2.258612 1.053766
0 0.08071381 3.869166 0.8105102 4.044881 -0.01686448
0 0.1710553 3.941541 1.126713 4.087281 0.1497989
1 0.8554566 2.201497 3.195911 1.939484 0.984013
1 0.9834044 1.97804 3.043077 2.056432 1.051373
0 -0.02073521 3.968895 1.042816 4.027977 0.05518311
0 -0.01635622 3.8398 0.9417095 3.979875 -0.03759864
1 0.9963654 2.169215 3.032894 2.007855 1.188794
1 0.9593486 2.123654 3.000909 1.855331 0.8437974
0 -0.03382652 4.081799 1.052376 3.897984 -0.1099574
1 1.056762 2.121693 3.038283 1.885478 0.9762831
0 0.1126424 3.95745 1.081534 3.792264 0.2450275
1 0.9113409 1.876044 2.954282 2.141542 1.003875
0 -0.03496945 4.161942 0.9378468 4.164785 -0.06551537
0 0.02071168 4.068735 1.080594 3.854739 -0.006621184
0 -0.04138188 4.131535 1.173479 3.856711 -0.1935237
1 1.023582 2.074128 2.969944 2.021631 0.86729
0 -0.04057905 3.953051 1.003089 3.99645 0.1017202
1 0.937047 2.025799 3.024947 2.186817 1.052674
1 1.069419 2.051545 2.966299 1.892428 1.110427
0 0.1747451 3.709977 1.072133 3.778587 0.002057922
0 -0.08104939 4.06004 0.8787073 4.020564 -0.08123385
0 0.1318692 3.85637 0.9146756 4.060415 0.1909561
0 -0.01310502 4.084728 0.9929706 4.088464 0.006251496
0 -0.009871254 4.119647 0.965176 3.988943 0.07037816
0 0.00846622 3.978132 1.015761 3.858297 -0.06014518
1 1.1278 2.057121 2.957183 2.03577 1.039458
1 1.050054 2.06122 3.020066 2.100927 0.8951197
0 -0.1293508 3.904363 1.056871 3.915147 -0.158243
0 -0.087245 3.989706 0.7191519 3.944592 0.165844
1 0.9481755 2.007855 2.998568 2.077176 0.9089186
0 -0.02601688 3.949089 0.9691933 3.913314 0.008205279
0 0.09630503 4.200719 1.105611 3.942407 0.03757056
0 0.09167203 4.105728 0.9910772 4.040262 -0.06261791
1 0.9068618 2.095506 2.992063 2.043578 0.9234554
0 0.1391875 3.887762 0.9344581 3.898414 0.1383613
1 1.127976 1.923795 2.803123 2.002897 0.9381002
1 0.8642654 1.894894 3.065869 2.166028 1.098398
0 0.04955771 3.961029 0.927594 4.018302 -0.2443064
0 -0.09228649 4.076014 1.01678 4.069842 0.008301749
0 -0.1360167 4.08521 0.9811717 4.116699 -0.02359981
0 0.03261731 3.991951 1.116225 3.932789 0.03784073
0 0.01648324 4.002983 0.9634369 3.963405 -0.02438348
0 0.1179599 4.090895 0.9687058 3.866004 -0.06669441
0 -0.0167701 4.103282 1.035702 3.852606 -0.0989899
0 0.1635812 3.835951 0.8805108 4.006978 0.07957802
1 1.073387 2.029388 2.989154 2.085671 1.025684
0 -0.06071283 3.935642 0.8496804 3.948147 0.05394604
1 0.9394252 1.793072 2.888246 2.075688 1.042333
0 0.03231623 4.1795 1.039581 4.132546 0.04728712
1 0.8686578 2.045109 2.969 1.933973 0.9963292
0 0.262656 3.836521 1.146345 4.037435 -0.06034249
0 0.05674505 3.825066 0.9516711 4.118457 -0.03080317
0 -0.09902516 4.035124 1.030765 3.947336 0.02324126
1 1.104154 2.147919 3.096409 2.078351 1.261838
1 1.005358 2.079274 2.915269 2.067803 1.071352
1 0.9381692 2.094552 3.17307 2.054478 0.8684002
1 0.8889715 1.868273 3.159833 2.003775 1.05281
1 0.9593252 2.08456 2.951854 2.222994 1.057698
1 0.9066748 1.667054 2.995174 2.070029 0.8761374
0 0.0633991 3.877634 1.126052 3.888749 0.1039874
0 -0.002317966 4.143239 1.126902 3.796666 -0.01910594
0 0.02178061 4.060932 1.009858 4.038039 0.1709889
1 0.8644883 1.984547 3.024726 1.818461 1.11632
1 1.22091 2.154345 3.127657 2.110609 1.027143
1 1.070625 1.74995 2.972004 2.05409 0.9551981
0 -0.07167313 3.954889 1.028627 4.077327 0.1327308
0 -0.08628356 4.137606 1.017098 3.821902 -0.05129808
0 0.04137251 4.107653 1.033385 3.938159 -0.01592142
1 0.9288124 2.095163 2.941845 2.025703 0.9104435
1 1.075184 1.932598 2.830009 1.945743 0.8939268
1 0.9567061 2.015676 2.943278 2.172844 1.087718
0 0.3251973 4.117361 0.8695428 3.853495 -0.08635894
1 0.8241793 1.924241 2.931442 1.92176 1.272037
0 0.06009243 4.2317 1.0175 3.934308 0.1437824
0 0.1319049 3.954924 0.8527772 4.289522 -0.02458284
0 0.09551025 3.852655 0.7964835 4.039538 -0.01549082
1 1.140717 1.882472 3.294569 1.8832 0.9948003
1 0.7825904 1.92735 2.964955 2.123503 1.07284
0 -0.1684088 3.978337 1.008103 4.016157 -0.04455882
1 1.029989 1.746177 2.915616 1.895931 1.070528
0 0.05105422 3.940128 1.033053 4.008654 -0.05991784
1 1.072748 2.062467 3.012517 1.824948 1.025095
0 0.09413276 4.055519 0.9679181 3.994774 -0.08477266
1 0.9707093 2.012051 3.220093 1.971028 0.9020937
0 0.07531717 4.19877 1.111556 3.971237 -0.005352958
0 0.0006714858 4.021643 0.7908241 3.860108 0.04095934
1 1.118702 1.856661 3.022051 2.053754 0.9442228
1 1.081346 2.058289 3.121036 2.09648 1.078751
1 0.9994851 2.061751 3.026314 1.893982 0.7166682
0 -0.1786055 4.04095 0.8846431 3.789535 0.06343834
0 0.01894917 4.066389 1.101546 3.863975 0.2105855
1 1.154409 1.726132 2.940779 1.86935 0.9793595
0 -0.1158469 3.923681 0.9343127 3.994913 -0.1694195
0 0.01608003 3.902514 1.091333 4.006049 -0.1431519
1 1.248232 1.946439 3.023617 1.995764 1.206601
0 -0.06274458 3.97567 1.07057 3.976998 -0.09023985
1 0.7284351 1.962172 3.082838 1.883032 1.009273
0 -0.1443804 3.906977 0.9219747 4.090829 -0.07375704
0 -0.08393988 3.963301 1.122363 4.047091 -0.01828963
1 1.037057 1.950253 2.899065 2.193731 1.045687
0 -0.02669553 4.091749 0.8505008 4.03856 0.1758456
0 0.04744071 3.963879 1.186634 4.014496 -0.1243447
1 0.8521591 2.073971 2.747662 2.151462 0.903115
1 0.8853139 1.911359 3.073034 2.031679 1.017954
0 0.02647264 3.971524 0.9748145 3.943362 0.05175917
1 1.191849 2.096874 3.038425 2.07721 0.9494037
0 0.008836507 4.063892 0.9792815 3.93171 -0.1138086
0 -0.04276691 3.94495 0.8944822 4.095224 0.01211314
0 -0.04194417 4.006296 1.093279 4.100681 0.1402098
1 0.9354113 1.997064 3.139477 1.962597 0.8997996
1 1.064972 2.065983 2.978371 1.976454 0.8835446
0 0.114459 4.026691 0.9601083 4.173769 0.1494163
0 -0.1141972 3.870167 1.081925 3.967627 -0.03267944
0 -0.1129782 4.015827 1.144153 3.89677 0.004299697
1 1.031735 1.993953 2.983873 1.98099 1.09265
0 -0.05762334 4.078999 1.10332 4.063583 -0.08678856
0 0.02487445 4.050491 1.056519 3.930888 0.0994788
0 -0.20028 3.983244 0.7900008 3.939171 0.1396647
1 0.9443975 1.92852 3.061117 2.100806 0.9418191
1 1.048133 2.052684 2.823562 2.213312 1.136048
0 -0.1502579 4.015618 0.9881026 3.989153 0.02502865
0 -0.1159493 3.895906 1.14675 3.939771 -0.1491299
1 0.9240118 2.09454 2.907462 1.781594 1.028055
0 0.03335808 3.849968 1.102244 4.064288 -0.05458532
0 0.2553979 4.171541 0.981886 3.989973 -0.004767276
1 1.140939 1.992804 2.982277 1.847723 0.9674347
1 1.157832 1.941267 3.069393 2.024375 0.942643
1 1.044401 1.990232 2.889651 2.020996 1.026824
0 -0.03255705 3.919981 1.038604 3.870505 0.08851033
0 0.1806242 3.977829 0.972842 3.932288 0.0204488
0 0.02490576 3.960984 1.098596 4.044432 -0.04326413
0 0.06534794 4.010109 1.135302 3.757687 -0.014105
0 0.0411555 3.868318 1.086799 4.036809 -0.1868934
1 0.996786 1.836468 2.942621 1.774514 1.061523
0 0.02865154 4.077938 0.8979215 3.960307 -0.09649059
0 0.0337151 3.752372 0.9760819 3.9885 -0.1704392
1 1.068792 2.096001 3.048022 2.009329 0.9441059
1 1.093571 2.093518 2.987508 1.977366 0.9881087
1 0.7702742 2.155777 2.864425 2.147517 1.034009
0 -0.2633026 4.038008 1.062069 3.871938 0.02525657
0 -0.1113174 4.164783 0.9652985 4.060025 -0.02696205
1 1.035413 2.051891 2.994319 1.957372 1.179675
1 0.9804629 1.918166 3.299557 1.973388 1.17556
1 0.9982173 1.861484 2.954518 1.941749 1.054479
0 -0.06421321 3.806768 0.9197348 4.128243 -0.1073687
1 0.9732782 1.928334 3.113323 2.155381 1.080833
0 -0.01781123 4.178944 1.053422 4.092314 -0.1407341
0 0.1237089 3.968874 1.016888 3.753744 0.03639485
1 1.010438 2.014454 2.980279 1.874548 0.9815956
0 0.07620484 4.178582 1.058695 4.09284 0.06193159
1 1.044943 1.833024 2.962731 1.860291 0.8979129
0 0.001272933 3.901784 1.152597 3.737884 -0.08753813
0 -0.01252682 3.983445 1.004876 3.885779 0.06515983
1 0.8685559 2.085973 3.230779 2.281661 1.134
0 0.123134 3.774476 0.7836141 3.90502 -0.02161079
1 0.9668714 1.88146 3.023485 2.123014 1.052806
1 0.9087139 2.12627 3.123861 1.901937 0.9414438
1 0.9008048 2.032206 2.98669 2.15643 1.057734
0 0.07262545 4.166736 0.9022328 4.176493 0.0323252
0 0.09362244 4.074309 0.9387441 4.103529 0.05311791
0 -0.09775788 3.924287 1.015655 4.038714 -0.02695449
0 -0.1219541 4.080379 0.9370923 3.826815 -0.02683853
1 0.9887199 2.096953 3.03838 2.122067 1.055476
0 0.03766569 3.970896 1.127558 4.198475 -0.04103825
1 1.014678 2.049202 2.915049 2.065427 0.972149
1 0.872409 1.940018 2.935641 2.019307 1.013352
0 -0.2206865 3.968061 1.018871 3.956044 -0.04475884
1 1.021774 2.030649 2.941612 1.905223 0.9516316
1 1.063939 1.853848 2.981949 2.158609 0.9463184
0 -0.08454911 4.084414 0.8961394 3.817044 0.0613551
0 0.1102661 3.899009 1.048033 4.03368 0.1425484
0 0.02262818 4.172986 1.163492 3.950991 -0.01577923
1 1.020355 1.954887 2.985733 1.845484 1.08489
1 0.8449321 2.043798 2.917274 1.873862 0.8854694
1 0.9035891 2.126746 3.082673 2.141033 1.132904
0 0.1363293 3.994122 0.9145657 4.028452 -0.1690401
1 0.8992676 2.075824 3.194552 2.032462 1.039237
0 0.01379803 3.987321 1.115629 4.14411 -0.004178352
0 0.1411673 3.956901 1.054201 4.022719 0.1525944
0 -0.1159644 3.896846 0.7856744 3.895719 -0.07579305
0 0.09106023 3.880244 0.9933411 3.933447 0.04834314
1 0.9812527 2.139429 3.008756 1.973119 1.259978
1 0.9429598 1.994384 3.02044 1.869261 1.03749
0 0.003561043 4.061847 0.9268435 4.170588 -0.1879279
1 1.200652 1.869021 3.02137 2.055906 0.9361679
1 0.9816729 1.903336 2.964506 1.872143 1.027925
1 0.9149115 2.068941 2.993586 2.17748 0.9070667
1 0.9757789 2.068935 2.84581 2.121622 1.020546
0 -0.009564638 3.961792 1.094278 3.872994 -0.2112899
0 0.08779166 4.053071 1.171347 4.026999 0.02323112
0 0.08263122 3.95512 1.011061 3.948802 0.008735586
0 0.04492463 4.138835 1.162074 3.9535 -0.1459236
0 0.1886649 4.173394 1.110983 3.992163 -0.05561619
1 1.017911 2.00571 2.968317 2.007369 1.03938
1 1.03129 2.138723 3.034984 1.977046 1.043885
0 0.04674265 3.870953 1.053514 3.918107 -0.1266749
1 0.9012354 2.032425 2.910725 1.970699 0.9866163
1 1.110234 1.996771 2.91025 2.156453 0.9003426
0 0.2126456 4.067189 0.9683377 3.905882 -0.1880381
0 -0.01789999 4.067954 0.9284157 4.032508 -0.05598077
1 1.095939 2.065309 3.193814 1.956652 0.8460091
1 0.990226 2.019267 3.108046 2.047742 1.054978
1 0.8124122 1.771063 2.827432 1.865972 0.9693594
0 0.02130244 4.095645 1.048388 3.975304 0.1698399
0 0.1082862 3.971317 0.8445031 4.047724 0.04110622
1 0.9983985 2.13618 3.131336 1.995092 0.9388222
1 1.074883 2.033516 3.010897 2.043674 0.7548222
0 0.0477186 3.806656 1.091378 4.048742 -0.007232676
1 1.062168 1.866294 3.124886 2.017813 0.9770418
1 1.004285 2.177138 3.103907 2.032349 0.9232516
0 -0.01545434 3.937495 1.015915 4.072124 -0.09925056
0 -0.1908781 4.071891 0.970563 3.856527 -0.112238
0 -0.07330975 3.85345 0.9991454 3.807685 -0.01216437
0 0.2134993 3.963147 0.9072419 3.90627 -0.113501
0 -0.07099789 4.003358 1.085904 3.878549 -0.1964043
0 -0.07329904 4.02469 1.20958 3.835241 -0.219986
0 0.003504488 4.024697 0.9786151 3.952467 0.1533328
1 0.7921953 2.172506 2.924262 2.18405 0.8027862
0 -0.2540631 3.971252 1.008897 4.000298 0.009434995
0 -0.08896409 3.975322 1.040083 3.974765 0.0241986
0 0.1014191 4.003519 0.9301191 3.868479 0.09364945
1 0.9883231 2.036759 2.912297 2.01246 0.9141873
1 0.8900572 2.063223 3.097518 1.709571 1.004894
0 0.1745386 4.175146 0.8716844 4.061809 0.2664202
0 -0.1816275 3.985789 0.9268113 3.979218 0.08525601
1 0.9050711 2.057296 2.830656 1.963019 0.9083297
0 -0.04319276 4.143025 1.021819 3.927977 -0.04317908
0 -0.05102841 3.957115 1.061918 4.081229 -0.06120929
0 -0.05066635 3.763568 0.9799669 4.059635 -0.03114435
1 0.994712 2.106168 3.197433 2.013918 1.119729
0 -0.01726565 4.101378 1.046776 3.979659 -0.06768663
1 0.947548 1.839488 2.89987 1.958565 1.045305
0 0.08822058 3.834302 0.7394399 4.176858 -0.03441901
0 -0.07508087 4.116723 1.068393 3.914138 -0.05114144
1 0.9978967 1.970283 2.857655 2.12898 1.015299
1 0.8524984 2.04225 3.109601 2.043059 0.9854239
1 1.034694 2.031339 3.03666 1.874536 0.958869
1 0.940419 1.935613 2.974084 2.109027 0.9510687
0 -0.1064018 3.873833 0.9325828 3.925845 0.05496669
0 0.02164224 4.079721 0.9425309 4.075581 0.0551537
0 0.1197065 4.078493 1.002785 4.050561 0.1122677
1 1.049806 2.202489 3.046458 2.089505 0.758092
0 -0.007260454 4.049477 1.134383 3.842746 -0.1051019
1 0.9785507 1.780634 2.855915 1.967716 0.9995093
0 0.1228964 3.84038 0.9227483 3.974687 -0.2027729
0 -0.08016282 4.042039 0.9675666 4.047517 0.1367793
0 0.02158819 3.841331 0.9806692 3.996625 0.03673587
1 0.9772426 1.855652 3.071636 1.909891 0.9378956
0 -0.127084 3.974138 1.101265 4.096503 -0.154562
0 0.04788088 4.084973 1.093423 4.09775 0.08246331
0 -0.04983688 3.901723 1.017219 3.900574 0.1059007
1 1.126516 2.004177 2.947989 1.917633 0.9595546
1 1.099309 1.988955 2.952951 2.079701 1.243759
1 0.9616303 2.087599 3.038109 1.962148 1.013906
0 0.1187872 3.967577 0.9657227 3.818061 -0.09422105
0 -0.01125895 3.854368 1.025618 4.12632 0.12913
1 0.9710079 1.787179 2.97591 1.863048 1.140394
0 0.1009286 4.013372 0.9591504 3.854501 -0.0857196
1 1.167007 1.932347 2.963257 2.087459 1.108584
1 0.98903 2.021134 3.0727 2.139801 1.014831
1 1.07911 2.221813 3.202846 1.941058 0.9501884
0 -0.02242662 4.167476 1.017796 4.08639 -0.06820954
1 0.972376 1.730426 3.007453 1.856218 0.9083878
0 -0.03929352 3.765744 0.9786136 4.102438 0.1161646
1 0.9750581 1.951185 3.103802 2.141683 0.9597667
1 0.9956879 1.930616 2.95892 2.006315 1.035136
1 1.156649 2.120122 2.969888 2.08141 1.089698
0 -0.1608132 4.04649 0.9641662 3.986908 0.01548644
0 -0.01859649 4.014099 0.957613 4.001223 -0.02786257
0 -0.07898415 3.902838 0.8586398 4.089239 -0.02547877
1 0.9096697 2.022746 2.882076 2.020125 1.243403
0 -0.01478838 4.022386 1.006517 4.005492 -0.0140939
1 1.025059 1.946751 2.920041 2.057791 0.9596349
0 -0.01143966 3.981022 0.9231316 4.160039 -0.01681685
0 0.008279003 4.042044 1.250385 3.966259 -0.01872433
0 0.2427503 4.055191 0.9708476 3.839753 -0.02840227
1 1.125035 2.10347 2.972491 1.919994 0.8759422
1 1.154734 1.980837 2.989369 2.086204 0.8210553
1 1.056148 2.09875 3.039537 2.129778 1.004801
1 0.8907706 1.76928 3.044024 2.05339 1.0353
0 -0.1036254 3.896971 1.014174 4.021318 -0.07824421
1 1.005837 2.003243 2.927138 2.146008 1.023917
0 -0.03846554 4.063932 1.041497 3.887967 -0.02196051
1 1.016614 1.95347 3.102959 2.103311 0.9516988
1 1.035428 2.130764 3.082649 2.05946 0.9551617
0 0.1335804 3.832718 0.9343167 4.071859 -0.0002806668
0 -0.07800221 4.043476 0.876099 4.07095 -0.02141039
0 -0.2846349 3.99111 0.9668457 4.024774 -0.01850285
0 -0.07205381 3.99773 0.8865863 4.154685 0.002382339
1 1.056635 1.906542 3.091572 2.086735 1.153953
1 0.8834562 2.204609 2.874414 1.998475 1.100503
1 1.067848 1.810773 3.057125 2.017086 0.9611433
1 0.989964 2.043502 3.087489 1.936437 0.990495
1 1.028151 2.090371 2.967478 1.993234 1.013378
0 -0.1370641 4.080316 0.904729 4.059638 -0.2177975
1 1.013474 1.851651 3.082405 2.129152 1.122519
0 -0.09573195 4.044045 1.188081 3.9267 0.09921665
1 1.255843 2.166 2.677648 1.906563 1.105265
1 1.163018 1.971614 3.026165 1.764357 0.8810344
0 0.03784407 4.069112 1.009167 3.961856 -0.07634791
0 0.05489546 3.912447 1.01377 3.998119 -0.04650058
0 0.09184211 3.854382 1.035553 3.904779 0.04344786
0 0.03467637 3.808161 0.8137023 3.939643 0.1138956
0 0.007538563 3.861261 1.165586 4.072838 0.03874281
0 -0.01072563 3.827974 0.9854646 4.038407 0.03833446
0 -0.01143332 4.01216 0.8940183 3.888349 0.008887961
0 -0.1014312 3.901226 0.7707041 4.028069 0.005493338
0 -0.2592635 3.981215 0.9389423 3.949195 0.1835206
0 0.05049208 3.923191 1.104225 4.138918 0.05080037
0 0.07712509 3.992563 0.9485952 4.039944 -0.0414163
0 -0.03783127 4.12221 1.017877 4.132249 0.1011921
0 0.06699519 3.997877 0.9379762 4.125854 0.03549358
0 -0.02722507 4.00084 0.9786463 4.059995 -0.1579237
0 0.2052422 4.018527 1.098981 4.205848 0.002986203
1 1.096366 1.906758 2.922991 2.117325 0.9185305
0 -0.01567792 3.966285 1.004693 4.053172 0.00351903
1 1.11436 1.85224 3.056527 2.040198 0.9374466
0 -0.118877 3.888183 1.006481 4.115739 -0.1209044
0 0.0571558 4.018095 1.009413 4.001114 0.01855642
0 0.009223089 4.154998 0.9081634 4.010292 -0.03006932
0 -0.09623994 4.00454 1.076367 3.927146 0.003733509
0 0.0850823 3.814978 1.044421 4.040842 -0.03902798
0 -0.04955682 3.916157 0.8421053 3.987021 -0.006927373
1 0.9258493 2.141013 3.048913 2.075215 1.127863
1 1.023638 2.040642 3.160945 2.144936 1.043277
0 0.04997537 4.102875 0.941257 4.114684 0.1156297
1 0.9371418 2.25452 3.032455 1.89754 0.9499019
1 0.8717588 2.015812 3.012831 1.974185 1.06436
1 0.9342072 2.115163 3.061716 2.022065 1.030523
0 0.0651604 4.184205 1.000448 4.043184 -0.2386238
0 0.03535745 3.999445 1.077422 4.040252 -0.007956764
1 0.7766813 1.920421 3.092508 1.982511 1.033334
1 0.9989091 1.937779 2.877249 1.952374 1.066174
0 0.1581676 3.931844 1.0657 4.102461 0.04164
0 -0.09115043 4.078707 1.075514 4.06253 -0.05270579
0 -0.01516593 3.905176 0.9690224 3.961645 -0.05016453
1 0.9908148 2.154073 2.874177 2.000488 1.112869
0 0.0257672 3.925071 1.094131 4.067095 0.08467343
1 0.952807 1.855563 2.95374 1.819975 0.950113
1 1.083559 2.050077 3.020129 2.072476 0.9050125
0 -0.1145339 3.95009 0.9205232 3.928568 -0.1616215
0 0.1243887 3.938442 0.9558069 4.002455 0.02744374
1 0.9590772 2.055609 3.165959 2.078358 0.950757
0 0.04249001 3.925064 0.9334801 3.953628 0.127312
1 0.8723584 2.138256 3.057751 2.027223 0.9173771
0 0.03930451 3.876917 0.9886626 4.069127 0.1484052
1 1.059287 2.001892 2.997005 2.092952 0.9690928
1 0.9134553 1.985094 2.883028 2.047608 0.9889537
0 -0.1022309 3.994279 0.8760221 4.019204 -0.01615818
0 -0.1295582 3.954158 1.015678 4.124341 -0.1398902
0 -0.01928614 4.102428 0.8414975 3.879932 0.04570837
1 0.981352 2.077742 2.953131 2.172925 0.7997954
1 1.057122 1.899355 2.985311 1.828309 1.165215
0 -0.1058292 3.990617 0.9574272 3.985893 -0.03824168
0 -0.1258093 3.874338 1.072811 4.008096 0.1018982
1 1.034748 1.883998 2.907501 1.978095 0.9831888
1 0.7869384 1.832507 2.822263 2.018973 0.9900221
