0 1.587052 4.715568 -0.8595715 1.504009 2.145417
1 2.52062 2.682234 3.909693 0.2611399 0.3924642
1 -0.5450664 -1.449915 -0.2813677 4.057942 0.9299015
0 -1.047951 4.223808 3.068302 9.673196 3.915838
1 -2.863264 1.250906 0.293735 -0.2080808 -0.6673748
1 -0.2963963 2.988054 1.449716 2.326187 -0.5594592
1 4.581936 6.263028 5.522227 3.473845 -2.042601
1 3.257609 -1.978155 1.677545 2.629189 3.035597
1 0.6413351 0.9091931 0.6575081 0.6328721 -1.223557
0 -1.653221 1.456338 2.9899 2.873543 0.8548509
0 -4.596765 6.691499 -1.315893 4.437665 -5.813397
0 -0.5493175 3.34217 -0.3035399 4.488629 3.485008
0 0.3606583 8.670535 5.298672 5.998321 2.834225
0 -0.4695373 2.083477 -2.370683 5.785718 -4.765693
1 2.097025 -1.886614 1.780645 4.173786 2.771738
0 -0.4495597 6.584979 3.831299 3.382243 -1.751607
1 -0.6090347 5.573367 6.95966 2.753382 2.940729
0 -1.969369 3.986706 1.448836 5.18199 0.1721494
1 1.733237 2.616374 11.28147 -0.5178733 5.435828
1 0.4037013 2.934944 4.955608 1.990655 3.313905
0 -0.5790969 7.055489 3.039801 4.319981 -1.532031
0 1.017646 5.149906 0.307741 0.8793446 -1.293132
0 0.6463828 4.557858 -1.333023 2.134727 4.886488
0 -2.810466 4.554523 2.74961 4.141646 2.20641
0 -1.279617 4.752524 6.809196 2.132429 0.60182
1 6.99448 2.4153 5.11623 0.5831096 4.619623
0 2.219357 0.7081866 1.62851 3.103296 0.2907738
1 1.74689 0.5982326 6.444772 0.57179 3.844299
0 1.651917 2.215476 -0.2841385 5.153404 -4.056633
0 1.616711 5.066914 2.826084 6.668093 0.460361
0 -0.4328119 7.011117 -2.454675 3.799953 -0.3391698
0 0.5231563 6.135791 6.878195 1.057727 -4.388797
1 0.7398251 2.718243 5.26917 0.004730701 3.475242
1 0.1024211 0.8131411 3.445133 5.174206 0.47107
1 3.303516 1.686069 3.498239 3.236891 0.5277313
0 -0.4872532 9.376276 -5.307479 4.384739 0.6521881
0 2.081823 6.064319 3.780883 4.949066 -1.083632
0 2.205045 -0.08700014 7.047023 4.669013 -1.034446
1 -0.5292664 0.9762199 2.002834 1.389839 -4.111171
1 -0.07851057 -0.1419817 2.994496 2.177523 0.1651781
1 1.25153 2.531106 1.50347 3.796262 2.150868
1 3.094617 4.827509 -1.222123 1.527239 0.8024508
0 -2.923538 6.444583 5.683283 4.331024 -2.789649
1 3.36494 4.103503 4.251145 0.09553982 0.8734565
0 -0.5682273 2.784871 -0.1661399 6.745346 -0.7354874
0 -2.916019 3.503404 1.665657 1.888044 -1.96341
1 1.797531 0.4763524 2.086315 2.517953 0.499699
0 2.663154 1.975732 2.520165 2.989013 0.2924407
0 -4.204768 1.587699 2.004857 4.979686 5.050512
0 1.228477 4.486635 0.152591 4.729879 -3.657387
1 -1.896369 0.8263807 6.825564 0.008263401 0.8120635
1 2.057753 4.295501 1.677632 1.780461 1.421695
1 -0.2612159 3.071662 0.8655011 1.198501 1.871096
0 5.127729 2.948789 0.4612016 3.089259 2.250197
1 2.306657 3.074283 -3.70411 3.972348 0.9631931
1 -0.05720243 4.77315 1.489923 3.391265 4.659435
1 -0.5404477 1.355515 2.048116 2.18316 1.118386
1 2.810622 0.6614439 -1.011321 -2.333116 -0.2211327
0 3.381189 11.03593 -0.4271484 6.704229 0.7959635
1 4.012138 1.032354 4.235631 0.2165729 0.2134939
1 1.913232 3.940937 4.696406 5.946322 2.188692
1 5.285802 0.7208856 3.562936 4.413117 2.85724
1 -0.5544995 1.367083 2.391249 1.752985 2.280683
0 2.734232 4.303798 5.845114 8.895965 5.304184
0 -1.892375 0.8063492 -4.343715 2.499024 -2.672017
0 -4.323016 7.668112 2.424944 4.29086 0.109125
0 0.5186398 0.8864677 1.741781 -0.278406 0.6164779
0 -0.6647588 -1.388008 -1.784048 4.561134 -0.4715515
0 -1.049059 2.634966 -4.432609 2.973086 -2.144242
0 0.693799 3.575037 0.9482475 1.878932 -3.902606
1 4.1517 2.554247 4.566582 3.024723 0.5226425
1 -0.01759541 1.892775 0.6621869 -1.17551 2.056836
0 -1.969268 3.147512 -0.7992904 3.878277 -0.4176205
0 0.239429 9.559476 1.295711 3.055642 8.280694
0 -3.289442 5.872821 -3.945957 2.760565 3.000213
0 1.151195 3.555109 0.5558546 1.956866 -2.548395
1 0.539794 2.974028 5.131916 4.81946 0.3737682
1 4.511022 1.417479 6.177842 3.426941 4.447147
0 -2.174206 5.077684 -0.08771837 -1.568462 1.911895
0 -4.053675 4.661077 1.35378 4.871395 2.342153
1 -3.119726 -2.359773 1.798412 4.900929 1.715291
1 -2.289752 -1.852192 5.677245 4.961903 3.287763
0 1.180411 5.074679 3.643351 7.626872 4.993664
0 -5.813104 3.82128 0.9515149 6.459107 0.9396596
0 -0.7733888 5.322531 2.183458 5.667968 -1.041334
0 -0.2012711 1.253318 5.033465 3.138054 0.8519704
0 1.324504 4.608596 3.141436 1.697745 -3.946552
0 1.644043 5.96343 -0.3510988 4.173728 -3.73127
0 1.893888 0.9867211 1.133345 7.086592 4.113346
1 1.537839 5.104398 3.089992 0.7610514 2.190951
1 0.3687299 6.099763 5.405265 2.766695 1.628841
1 0.2575689 0.787088 3.395584 5.247815 0.7994914
1 2.828841 -1.757522 1.784208 -1.077024 -1.050207
1 -0.2334101 -1.778629 -0.3313821 2.024295 0.1877442
1 1.483926 1.961736 3.420405 1.616482 -4.102155
0 -0.5343594 0.5917127 -1.04072 4.342068 0.8035824
0 3.145895 2.596146 4.448444 3.874209 -2.106689
0 2.389564 1.772737 4.464656 3.477587 1.212926
1 -2.742428 1.636613 3.209796 0.3117017 3.619298
0 -1.288457 4.129868 -3.224711 4.954141 -1.460564
1 0.05460307 1.673991 4.671563 0.6626256 2.828093
0 0.8247715 1.345887 0.04025942 1.334092 -2.623256
0 -0.09323517 3.594478 1.191121 1.744151 -4.856827
0 -4.213471 5.917926 -2.971996 0.7583987 -1.583003
1 1.953613 1.242019 2.581708 3.28569 -0.9790753
0 0.897616 -0.8294604 3.860168 3.179637 1.788692
0 -3.975032 8.737204 -1.256801 2.707044 -0.7895003
0 0.1684933 2.663181 -1.511643 1.204618 0.1143159
0 -1.683555 3.028366 -4.840758 2.255759 0.4368161
0 -0.5672888 5.344518 1.64422 2.818931 3.241379
1 3.759354 5.480665 6.361286 0.1304388 5.484305
1 1.094703 1.695211 4.530749 3.967748 -2.501609
0 1.806726 -0.04054276 -0.8047061 1.101334 -1.541991
0 -0.3922714 1.779646 0.812956 0.6558182 -0.4029148
1 2.603599 0.212353 2.188269 0.590908 -0.9219924
0 2.540106 4.679483 3.374046 2.69215 -2.910793
1 6.9896 5.271961 3.294554 5.35631 3.004719
0 -0.3236052 1.705264 0.1396305 1.303042 0.6709025
0 -0.7158037 4.054298 2.311001 8.513506 -1.622422
0 0.1365702 1.753305 0.8583668 5.667066 1.379968
1 -2.688166 -1.193133 6.579193 0.7951049 2.717789
0 -4.637144 3.928081 1.740557 2.721928 -5.992513
0 -0.6286296 2.619682 -1.522945 2.119888 -0.5947782
1 0.1722401 2.543314 5.145673 3.394499 2.184998
1 2.117296 -0.4142491 1.546582 -0.703285 4.602855
0 -3.418361 5.956925 -1.090596 6.80313 -2.363184
0 -2.339617 3.82307 -0.9776055 5.574073 -4.028048
1 -2.87841 -0.8062801 0.9549685 2.653426 2.690442
0 2.054994 7.280001 -0.2352266 2.666999 1.11364
1 3.069921 6.344133 7.69606 3.645583 -0.05680246
1 0.905843 0.7920305 -0.7048894 -1.426519 5.024723
1 -0.880532 2.467026 2.16799 -6.582454 3.194073
0 -2.786752 5.038335 6.35032 6.695688 2.854353
0 -2.342286 3.245627 0.8476168 1.385417 1.07585
1 -1.500094 1.683149 3.024822 -3.495735 5.626874
1 -1.556961 -1.266496 6.900991 2.266126 1.242604
1 -1.777778 5.812673 6.743318 -2.077833 1.679108
1 -2.66463 -1.96164 1.759759 2.585535 3.736871
1 0.3337006 1.952006 0.5305726 3.250285 1.976892
0 -0.4558935 -1.444931 -0.08851294 7.338941 -0.4988479
0 2.056464 3.543079 -1.784121 4.055361 -0.3344099
0 -0.9346872 3.10531 -1.245687 6.987248 -4.279952
1 0.3407908 4.444679 3.882685 6.131881 0.7844627
0 -0.1102297 4.517423 1.334239 3.444848 -0.7705546
0 -2.517917 5.766471 -2.174192 0.2225614 0.8063444
0 0.9869944 7.682612 5.15971 6.903173 0.06264948
0 0.3290304 4.779177 -0.002824358 -0.1350646 -3.639088
0 1.158349 2.918116 3.34061 1.045628 3.05417
0 -1.019428 3.409426 0.8823636 6.108288 2.099991
1 1.940668 1.465968 -0.8978747 2.344253 3.310734
0 1.859564 7.088905 -2.563576 8.265096 -4.969965
0 -2.121967 3.587739 -0.3458298 3.38805 0.6826574
1 -0.09490854 4.624206 3.5223 1.808009 2.046391
0 1.489928 7.315571 -2.686617 3.340889 -0.9893332
0 0.7936082 0.7896243 -1.222977 3.612141 -3.956427
1 1.385438 4.188941 3.68832 2.612395 1.995929
0 -2.717346 3.250345 0.8551801 4.357804 -3.642654
0 2.98716 3.964824 -1.384999 3.54875 2.558553
0 -4.380583 5.873669 5.234768 5.076163 2.864755
0 -0.7788289 4.909368 0.466855 -1.438809 4.111961
1 0.1838528 -1.681286 -0.08535899 6.6438 -1.087595
0 2.430352 3.263415 3.264341 5.234202 3.277858
0 3.052586 6.444914 -1.739282 1.998634 2.605277
0 4.584525 5.253413 4.947769 1.359443 2.569578
0 2.733301 2.291868 2.859431 0.6981434 1.291504
0 2.341585 4.379729 -2.098787 1.303598 1.840753
0 -2.270958 2.550994 2.317415 4.715151 -5.234214
1 -0.728984 6.374747 2.808522 -0.2873195 2.40716
1 2.773834 -1.133732 4.887662 2.288185 2.004192
0 -1.191316 4.953612 0.5718055 0.6847377 -3.544635
0 0.5458725 7.434877 -2.631095 4.207374 -2.868395
0 -0.8149489 2.236006 1.897446 8.090836 0.9974779
1 5.909067 1.08522 7.524666 2.740673 -2.543962
0 4.035677 2.021917 0.604541 7.116504 -2.67426
0 -1.214754 4.197314 0.5434254 0.7373827 2.877868
1 -4.015559 1.656231 3.084855 1.361597 1.789862
1 5.69946 0.2182136 5.279419 3.687108 2.142439
0 -0.6174951 3.177852 3.456649 -0.1845582 3.0771
1 2.5019 3.364816 -0.164586 2.839724 -0.6427674
1 3.81649 4.949911 4.168773 2.672169 2.104829
0 0.7604066 0.06326689 1.945905 3.669259 1.824259
1 5.611491 2.473937 6.763042 2.755841 0.3950505
0 2.170169 3.009842 1.914514 2.435639 -1.961532
0 -0.03408719 5.051535 0.4398753 3.032336 1.542538
1 4.839153 -1.443519 10.16974 0.03535312 -1.66504
0 1.087124 4.06714 6.290634 4.385562 0.9070543
0 -2.599573 1.280851 3.742976 2.786958 3.785093
1 3.988865 1.659588 0.05177929 1.706733 3.001692
0 -4.64591 4.456783 2.127895 6.668974 -1.525737
1 3.868433 -0.1848846 7.648663 4.955716 2.835284
1 4.672747 4.607109 1.717026 3.62332 -0.6634485
0 0.4292191 1.982738 1.225471 0.7559775 -0.02912131
0 -3.369482 7.154283 2.676439 3.772028 0.2211902
1 4.894516 5.442349 2.940827 2.614673 1.387805
0 -1.312023 1.834441 0.1515811 7.857484 3.290575
0 -0.4161117 3.145887 2.636765 1.708434 -1.246571
0 -1.87689 5.226007 -3.008938 2.390599 2.998363
1 -0.3821342 1.342961 6.031579 0.5845648 -1.551392
1 4.237337 1.996535 4.5647 2.103666 2.254548
1 7.815801 4.500622 6.177729 0.7493671 3.877371
1 -1.043686 -0.4354081 -1.290218 -0.2814903 4.13346
0 1.372045 3.539812 -2.307416 4.318049 2.56247
1 0.4886904 0.3483192 6.277262 1.281297 1.623202
1 1.980192 0.8555207 0.5278777 1.129201 5.062088
1 1.767674 -2.067798 2.074367 7.940815 0.8478554
0 -4.87037 6.547674 1.992977 2.4698 -5.908658
1 2.256084 0.06615057 3.884904 2.490589 -0.8831655
1 2.327215 -3.338988 3.306129 0.9963429 -0.4071723
0 1.781236 1.373777 1.522691 -0.08319354 -2.692166
0 4.511097 1.769062 5.569205 2.270351 -3.866169
0 -1.46154 3.60965 3.077795 5.841146 1.356898
0 0.5306423 2.709493 2.593412 6.207155 3.568006
1 -1.461618 -1.1214 6.298178 4.685185 5.135744
1 -2.229753 3.101724 -1.947479 2.917596 -1.976597
0 0.8260664 1.668747 1.01813 3.399197 2.233265
1 0.02308179 -0.3141826 5.32397 1.472153 -1.3603
0 -2.585736 1.275117 3.755927 2.075788 4.198252
0 -3.595371 2.465994 3.144081 0.2717223 -1.80278
0 -2.75025 5.282238 2.025827 3.265727 4.143495
0 -2.686135 4.892351 -1.232675 3.189361 -1.647593
1 0.6886936 -2.044796 -0.1529599 1.35435 -5.816187
1 1.278108 5.395808 2.526898 -0.2062316 2.339424
1 2.29233 6.365715 6.797139 3.930852 -3.098724
1 4.913102 0.3642557 4.974452 3.902637 1.779766
1 0.8838947 3.315293 -0.6495735 1.260998 1.320463
0 -1.68627 1.874953 2.222204 2.777204 1.71303
1 -2.776316 0.2654478 1.557463 4.633196 -5.416302
1 0.3085435 4.632812 3.791329 -2.742501 -1.093932
0 2.384287 3.488657 -0.3638754 7.195631 1.465963
0 0.8758515 5.580771 2.575633 4.947059 -0.4379082
0 -5.760047 6.318656 2.585983 2.823068 -3.736668
1 1.074172 -1.716511 6.17998 3.391032 2.972616
1 6.168088 3.372259 2.344924 4.84285 1.905962
1 2.288296 1.304043 -0.2311426 -0.08645013 3.185506
1 2.05908 0.1676924 0.9165684 -1.186759 0.2827559
1 -0.7435115 5.220865 1.222718 2.619004 0.4893959
0 -2.078033 10.35534 1.357641 3.211674 0.7899469
1 -0.1307344 4.926375 2.706241 4.789191 1.971978
0 -3.721683 5.51176 -2.611912 1.116368 0.9806542
0 -0.07416964 4.333862 -6.112747 0.2770086 1.398805
1 5.129313 4.979547 4.434192 -1.410795 -3.335911
0 -3.300408 3.825553 5.163633 4.384883 -4.161606
0 3.388583 4.742479 0.215215 1.397988 1.720442
1 2.618784 2.115295 1.180981 3.17229 2.081509
1 3.142861 2.891875 1.197601 6.423252 -3.696704
0 3.630125 5.030768 -4.774672 2.606952 -3.538261
1 4.489672 2.46588 1.050716 1.853167 1.653498
0 -3.992472 -1.033461 5.110215 2.521871 1.57452
0 0.6751102 2.083769 -1.852211 1.480119 -1.870734
0 -3.796329 5.44383 4.642475 -0.7984751 2.847007
1 1.773301 -1.297952 5.277305 2.975752 3.08336
1 2.750068 6.198078 2.84716 2.47387 4.478846
0 -0.4254263 6.146181 3.715739 5.393065 -2.79353
0 -0.9889949 2.528904 -2.225509 4.449096 2.410466
1 -0.1150717 5.826717 2.352344 2.577554 2.779602
1 -0.4676099 1.379 2.372053 2.754572 0.3596309
1 -0.280438 0.3104163 -0.6040494 2.002755 2.424198
0 1.135771 1.089221 -0.07276797 3.028495 3.803492
1 -4.93468 -0.3917602 6.189221 0.7071825 -0.9551736
1 -1.290878 4.244975 2.689756 2.963238 -1.595317
1 -0.6316687 3.769333 5.022752 -0.8682801 -1.905204
1 -1.620818 2.278303 2.403601 -0.9542034 0.2990889
1 5.565588 3.634071 3.967423 0.90465 2.205456
1 2.137705 4.973422 1.38963 4.075312 0.6011677
1 -2.834448 3.115459 3.334756 5.167499 1.436559
1 5.007962 5.73236 0.8721332 4.974633 2.435216
1 4.109056 4.807413 4.857466 7.51127 2.678815
0 -1.649453 5.52262 1.575652 5.865906 -0.02162264
0 -3.860799 4.228631 -0.9081373 0.2072209 -1.706094
0 -0.6939952 2.379401 7.780347 5.685236 -0.209958
1 5.728642 2.701736 2.851308 2.699383 2.314509
0 -0.5777334 -0.8622969 1.640285 2.092707 -0.005628055
1 -0.9206818 -3.376712 -2.473954 2.026152 -2.13409
1 0.7014552 6.130447 4.960771 3.647111 -0.3607448
0 -2.368788 0.5125424 1.9801 4.28162 3.396346
1 -2.979988 0.6244975 4.0749 3.816989 1.656073
1 0.09344042 5.464907 6.012637 -0.4662775 2.309575
0 -1.602811 5.515283 -4.584084 5.827325 2.807673
1 -0.9931596 2.951907 5.458541 0.2195841 2.100518
1 2.224963 -0.6938343 2.818418 3.870269 3.596112
0 -1.556444 0.1915458 1.105641 2.45566 1.24631
0 -0.004898469 5.983591 -4.18947 1.273115 -1.847604
0 2.957661 1.739128 0.2356945 7.613778 2.560301
0 2.086697 5.624038 0.8054176 5.600778 -0.03344698
1 1.598682 0.005415192 5.085068 1.839285 5.395646
1 -2.958714 7.007417 -3.900082 -2.888347 0.8702282
1 -1.121905 -1.543966 0.4178952 1.917829 2.978457
0 1.187562 3.309242 1.062327 6.037982 -8.592939
0 -1.982024 8.850673 -3.663502 7.036753 -1.77617
0 -0.4863743 6.305622 2.803962 2.340184 -0.3414206
1 2.479151 -3.543028 -0.8721667 3.861887 3.52077
1 2.344666 4.399434 2.415319 -0.5282401 2.516927
1 -6.403841 1.473138 3.178508 2.653459 0.5874039
1 3.505303 3.656201 1.195285 0.06300457 0.9331757
1 -0.6501359 -0.3163294 0.2789335 -0.4609846 -1.229567
0 1.853865 4.150585 -1.895429 2.621389 -4.383389
1 -2.147758 0.4742981 -3.486171 5.784885 1.710173
1 3.626532 2.441671 3.834313 3.146181 3.569297
0 -2.514753 6.201281 7.526352 1.022695 1.052371
0 0.6599169 4.635322 5.139326 1.889676 -4.387639
0 -3.103547 0.5526914 -0.3631293 -0.553646 0.1040417
0 -0.4062161 4.912409 1.017126 0.5976825 -2.477202
1 4.45594 5.133388 3.884698 0.6444007 -1.775622
0 1.478042 3.416221 -1.627135 2.806794 -3.662433
1 4.497645 3.436369 6.358511 -2.74203 -1.303035
0 0.9702551 5.13526 1.893167 4.907342 -0.1359942
1 -0.4930344 2.025781 -1.244804 3.270995 2.8846
1 0.535884 2.747167 -1.714813 6.790716 -2.979403
1 5.513934 1.979868 2.548951 3.893984 0.04486618
1 0.5225426 0.09997071 5.070993 3.315521 4.201946
1 0.4002252 3.652864 0.7016215 3.457927 -3.79558
0 -0.0415341 6.392427 4.236222 2.046746 0.1816441
1 -2.210933 1.253259 2.767463 2.63363 -0.7333015
0 0.8744424 10.33935 3.661532 3.763682 0.1804234
1 0.6940012 3.864502 -0.7185053 1.18174 -0.1081857
0 -2.41904 3.083314 3.917416 7.713129 2.939508
1 -0.09584559 4.032947 1.858747 3.587496 3.549861
0 -0.6006232 0.04119257 -0.5529743 4.139295 1.402866
1 3.413243 4.367376 3.929795 0.9802706 1.811629
0 1.603704 0.6510966 -1.569729 2.837254 4.053065
1 1.658938 4.246271 5.948153 2.862134 1.339683
0 -0.5532325 7.243197 -1.021265 4.155949 -0.7562274
0 -1.911349 1.496696 0.914487 0.9758539 0.1065862
1 4.634831 4.076134 3.785068 -0.09598752 -0.3832312
0 -2.812019 -0.9912705 -1.298303 0.8613108 -0.1900395
1 2.078323 2.370574 -2.709886 5.00344 1.800545
1 0.8475172 0.8056983 0.3163235 -0.4463623 0.6299884
1 2.486338 -2.680852 4.39965 3.757869 3.020405
1 5.232268 4.952756 2.229979 -0.3941034 -2.308232
1 1.937873 2.671064 1.721811 -1.557196 -1.041126
0 -5.115337 3.23337 3.00362 2.128826 -0.8237045
0 1.002642 3.134607 1.179579 4.640758 -1.81519
1 3.308927 -0.8791731 3.583697 1.806167 2.539048
0 1.271758 0.7156857 3.28989 0.976727 0.9803782
0 -1.6008 6.720412 3.95017 5.381278 -0.1366316
1 1.197601 4.314184 5.299627 2.625371 -2.939261
1 -0.6257493 0.03979681 5.113057 4.615133 -4.298848
1 -2.892708 1.391986 3.89908 2.569129 -2.622288
0 0.8600751 3.818579 -0.4759083 1.901146 1.339729
0 0.08007781 7.413366 4.007722 8.019484 -0.1441247
1 3.051514 7.606381 0.4444506 0.803214 -1.029622
1 0.7707602 8.772481 1.950606 6.43423 -0.7174736
1 3.798384 5.145261 -0.09875013 0.8084644 0.02474814
0 -3.586117 5.779125 -0.2380413 2.672959 1.270277
0 -0.5247194 5.618578 -3.881264 8.866057 -1.750311
1 -4.413188 3.739842 4.135086 2.746685 0.3217667
1 -0.2803162 -2.040834 4.372412 -4.970404 1.230606
0 -0.4491502 5.205674 1.331013 5.007295 -2.72256
1 -2.130936 -0.5366161 3.622826 5.021873 2.727601
0 -1.045003 5.374253 5.609278 5.46737 -0.5659853
0 -0.1455864 7.583308 2.279766 5.917892 2.42766
1 -0.9821519 3.285896 3.505849 -1.519106 -6.439122
1 -1.25758 3.330228 0.9257035 7.874136 2.37273
1 3.413308 3.454603 3.09084 -0.2266964 2.159184
0 -1.579123 3.734277 3.644701 5.431706 2.251469
1 1.495084 3.359938 5.390722 0.46194 2.598168
1 3.501275 -0.3856742 0.9754507 -0.9017384 3.394762
0 1.285146 3.337956 2.628881 4.434005 -0.4943459
0 0.7440163 6.034815 0.4452573 4.097715 -4.017366
0 2.85457 3.990247 2.579675 2.570009 -4.847109
1 1.32661 5.118411 3.009267 3.583896 -1.117548
1 -0.3056203 4.108014 2.208125 1.351736 2.821957
1 -4.276049 5.098943 6.05662 1.555109 2.939179
1 2.489494 3.415582 5.856029 3.416522 4.304435
1 -0.3365075 4.859615 2.688771 3.738108 3.560337
1 1.997816 4.347229 -0.4896665 0.7416124 3.872301
1 0.7608834 2.578846 0.3188481 5.141476 -0.4638875
1 4.169418 3.101399 4.140675 8.21927 4.704292
0 -1.656744 -0.4368008 -0.1945258 -0.1600648 0.7881558
0 1.478438 3.912733 -1.348717 1.614466 -0.8255625
1 -0.7660765 -1.379299 -0.5645 5.863855 -2.975623
1 3.766399 0.7176846 2.655143 1.637329 1.030737
0 0.4798979 1.883137 1.50294 4.059114 0.3099018
0 3.094508 3.606935 2.589157 1.028556 -1.345595
0 -1.112229 -0.7332504 0.1873705 2.450484 2.295144
0 1.023828 2.517546 2.584181 3.228521 2.694119
0 -1.516265 0.8031143 0.3698655 4.409601 0.9383284
0 -5.635966 3.017426 2.503117 5.497293 -0.4252194
1 0.1658679 0.9870091 4.558844 0.7202482 -1.287377
1 -1.655457 1.443269 0.4518906 2.047015 -0.1188366
0 5.508716 3.520531 1.168894 1.950468 5.999199
1 -1.964932 5.524509 2.683516 2.875045 2.430564
0 -2.763978 2.168568 -1.815032 5.779434 0.83161
1 -0.3687805 1.714343 5.305919 1.962085 2.288405
0 -1.495054 3.858877 0.2085171 4.140542 -2.831074
0 3.8453 7.959929 -1.727929 6.096823 2.937618
1 3.06922 1.461711 4.85589 2.91095 0.05264699
1 0.7376108 2.64178 3.902 0.4829486 1.085325
1 5.838664 6.916955 0.1305325 3.576831 -4.253751
1 -0.9108999 -2.516573 0.9171535 3.872198 -1.716773
1 0.678873 4.771131 6.880916 0.09161868 0.06688196
1 2.193025 3.25383 1.952642 3.836897 2.628616
1 2.831936 1.644638 3.723233 0.4688412 1.378305
1 -1.210679 4.626938 -0.9927704 7.478337 1.475988
1 0.6896509 -2.117661 1.533161 -3.67634 2.951076
1 2.942387 2.798236 8.330676 1.010306 -2.449521
1 3.471241 -1.458603 6.699913 -0.2646883 0.3601583
1 -2.280298 1.549229 6.410486 1.404949 2.929736
0 2.140378 4.819295 1.717042 0.6170513 -1.913048
1 1.330101 3.394849 6.166129 3.467064 2.759065
1 -2.070122 0.5067654 2.580664 1.060272 2.845696
0 -3.348776 3.743642 -0.2236126 3.389725 -3.989168
1 1.936352 7.111391 2.401439 2.603408 2.620274
0 -2.697579 2.360235 0.08435322 5.157046 -2.791003
1 -1.674011 4.163696 -0.8283709 -3.33748 0.4925625
1 -0.757738 0.08582742 5.917038 3.02816 2.609543
1 1.112711 1.175038 5.514402 0.5556302 3.969054
1 7.426875 2.582215 8.405763 5.359577 0.2157058
0 4.720557 7.41367 2.292424 5.400359 -0.9838878
0 1.648243 5.133917 -0.3702237 3.596673 2.59092
0 -0.6827353 2.306995 -0.5079799 9.09162 0.06406418
1 4.2707 1.576312 5.913648 3.835554 4.340592
1 -0.2918102 -0.7659156 -0.7490725 2.614765 -4.351362
1 1.996463 4.482972 3.416614 4.788041 1.899417
1 -1.313171 3.607097 5.26767 1.033667 -3.405564
0 1.410754 5.771007 2.644295 0.9577024 3.241179
1 2.491466 -0.6419413 2.008619 -1.388209 0.925371
1 2.342733 2.404584 5.394213 5.922899 -5.027672
1 1.00126 2.310979 2.562925 1.651688 3.055536
1 2.414917 2.347856 2.053626 0.2936134 7.011737
0 -3.190021 0.9633776 1.440957 1.813472 -0.1176013
1 -0.5305095 2.260101 5.325474 0.5910173 -0.09641012
0 -2.933942 3.30076 0.3007639 7.239505 2.221259
1 -3.769926 0.5524589 0.3998488 2.453745 2.595403
1 -2.760809 0.06924089 1.476689 2.776453 -0.8498708
1 5.13344 0.2302812 -0.3682068 0.6138243 1.94373
0 5.346962 6.066445 6.644624 2.821552 2.877667
0 -2.627276 4.5756 1.634959 4.521228 3.124723
1 2.156448 2.470829 4.389848 4.816927 3.459832
0 1.710876 -2.734237 2.438798 6.129309 -2.481883
1 0.1183424 2.389136 4.118489 5.453273 -0.6258694
1 2.313458 4.90164 1.487499 -0.3371565 -0.622567
1 3.248057 4.25098 1.378609 1.191308 1.936882
1 1.381348 1.496626 2.175562 2.501073 0.490988
0 -2.530744 4.662632 6.087737 3.930033 -1.473911
0 0.9215153 1.960144 2.074328 4.916479 1.509039
1 3.089656 2.042448 0.3826513 1.891498 -0.4262378
0 1.811157 0.6818764 0.01804435 8.841977 1.451717
1 -1.243913 1.078761 7.265633 3.555311 -0.8710306
1 -2.415697 4.016971 3.116208 -0.5250981 0.7061679
1 1.203527 2.447054 -0.3816511 0.2967415 2.973559
1 -0.4136221 0.8849527 -0.1220683 2.083759 3.002653
1 4.241361 2.562519 1.683651 -0.637864 -0.814762
0 -1.707069 8.092012 -1.07175 6.085116 -4.929659
1 0.1613827 1.571563 3.023247 1.119983 3.49789
0 5.202193 4.737255 -0.4262248 -0.9296015 -0.7099261
0 -0.8271734 4.10398 3.433398 7.918634 -2.245379
1 -2.722849 3.058594 3.513154 6.949145 4.922167
1 -1.2015 5.845984 8.834323 1.151759 1.656923
0 0.2186872 4.596879 3.344676 3.169783 1.558676
0 -3.454363 5.123517 -3.305703 -2.193496 -2.19876
1 0.01335612 4.400968 -1.605474 4.942888 0.5533972
0 1.159391 9.168648 -0.8601706 6.793207 0.6831114
1 0.1898208 6.588765 3.502326 -0.06159965 -3.544788
0 0.417996 5.373256 0.06996218 6.66968 -1.702944
0 -1.027375 3.125094 -0.6049573 0.6651401 -3.712685
1 2.831285 2.809331 -2.607197 -5.084339 2.339547
0 0.8363221 5.370667 1.643989 5.891752 -0.4254263
0 1.198679 -0.4581871 3.1048 4.244695 -1.739652
1 -3.728695 5.239363 3.830674 3.882498 1.623589
0 -2.848862 5.744689 2.461012 1.787992 0.09584648
1 0.8181948 3.269477 3.086967 0.2721288 1.758709
1 0.700318 1.466413 2.929357 3.494459 -1.233137
0 0.3738125 1.883235 -2.178712 1.677556 1.374756
0 -3.598015 5.911984 4.300955 2.249567 -3.549347
0 -6.417138 3.659148 1.260996 5.713149 -1.808574
1 0.88053 0.7275589 2.170868 1.855658 -0.7675736
0 -2.98889 5.070895 0.9259445 6.119745 -2.51251
0 0.767062 5.152013 2.684727 5.62714 0.1745749
0 0.3678974 3.446281 3.733264 1.423206 2.090987
1 2.159523 -1.570862 1.125899 3.989786 0.8393248
0 1.368146 4.182018 -2.811153 4.08555 -1.652127
0 -3.590595 3.345689 2.219987 4.491632 -1.26965
0 2.186628 4.2036 1.132648 5.04756 1.712867
1 2.540619 2.635303 4.21068 3.294098 3.662374
0 1.387109 3.718536 0.746989 1.685449 0.953579
1 -1.308944 2.977922 -0.1636038 1.328125 1.426833
1 2.983199 1.923033 4.932062 3.262084 -0.6767295
0 -0.9139887 0.8077751 1.59267 8.842633 1.506646
0 -1.276459 2.346279 2.264632 -0.6516761 -2.230882
0 -2.81253 8.330615 0.8584925 6.256998 -2.192405
1 3.095756 -0.4762642 5.9015 0.5304184 2.193839
1 2.616257 3.33501 5.148048 -2.123699 -2.800762
1 4.391259 0.2637101 3.094159 -2.498326 1.768324
1 -4.239505 5.790655 0.3607391 3.042778 0.6764979
0 1.895488 1.309778 2.580834 2.095968 0.3803497
1 -1.860014 -2.232023 0.9947324 -0.6398574 4.829099
0 1.464228 4.616068 -1.734339 5.764707 1.462163
1 1.439817 3.540064 6.789396 2.764507 0.600258
1 1.182352 2.419734 5.314582 -0.9676107 4.504511
1 1.776656 8.936033 -0.3664823 0.6892446 3.003273
0 -0.4908638 5.093508 -1.569319 -1.005603 0.7185992
0 1.308654 4.508714 2.768092 0.8310409 -1.69933
1 4.301434 3.113943 3.023689 4.296417 2.225926
1 -2.465131 5.476131 7.149485 3.339913 1.881821
0 -0.3754777 0.9564036 1.18972 3.017179 3.547839
1 -6.473456 3.263672 -2.671872 3.274738 3.178565
0 1.002661 2.980961 -1.242699 5.282755 1.878375
1 -1.34877 7.500149 0.05640177 1.049046 0.6895303
1 2.287147 2.868245 0.1768877 1.590802 3.109712
0 0.1301692 4.640991 1.819047 2.566429 0.3681224
1 4.0007 8.639236 7.624623 4.623616 2.377188
1 -1.676611 1.403484 -0.3109586 0.3954304 0.1210901
1 4.095825 2.67469 1.450015 2.9891 0.6367032
1 -1.217011 1.678429 5.260623 2.986681 0.6908391
0 0.3001881 9.290846 3.93348 2.2046 -2.004148
0 1.515426 5.344311 1.963829 2.341941 0.8134353
1 -2.544066 1.218449 3.640479 3.760278 -1.051579
1 3.253016 0.7983872 5.623195 4.265131 1.069274
0 0.975176 2.698363 1.44214 2.741767 1.612337
1 -4.531088 6.626165 6.272997 6.420671 2.358941
0 3.385341 6.555173 -1.598783 4.576717 -3.258437
1 2.56238 2.05232 4.060429 2.20252 1.113879
0 0.1682128 5.953786 -0.4951247 10.15382 -0.4732188
0 2.183168 7.5521 3.928711 0.6811385 -4.706333
0 -1.895144 2.589188 -1.258083 2.078092 -2.207594
0 -1.793287 7.173304 3.403191 7.09781 -1.566806
0 0.4550029 6.845339 -2.245537 5.236633 4.888938
1 1.080908 1.760859 3.398777 -0.3778373 -0.8633327
1 3.152299 -0.3262745 1.297961 1.400896 1.4931
0 -4.986267 8.533852 -0.7516881 6.54662 3.427875
0 4.422701 2.060416 -0.7993662 2.821113 0.9379161
1 4.304399 1.957562 -1.138332 -2.763807 4.245337
1 1.461939 -0.6584036 6.544234 5.068689 1.498295
1 0.6249792 4.009057 4.297807 4.096458 2.239374
0 1.642587 3.590989 3.068911 3.771124 0.1756158
0 3.401132 1.886629 -2.101954 -0.6189155 -0.5670271
1 2.835168 0.01740539 -1.025809 0.377538 -3.058435
0 1.304439 5.366888 1.762819 1.904989 -1.640681
1 4.74189 0.09117113 1.97762 -0.4897659 -0.1812601
1 0.358625 2.18148 3.689235 2.042905 -0.5688434
1 -1.855057 1.266736 5.392019 -1.70684 2.269504
0 -0.5473737 1.905494 3.34279 8.446741 -2.160078
0 -2.647355 8.065636 2.065889 2.733822 3.593209
1 0.5636945 1.631587 5.804405 -1.65575 -0.5275545
0 1.522996 -0.1708436 3.134649 4.018338 1.116986
1 5.775232 4.966026 0.01966632 -2.18558 -3.163877
1 1.452816 -2.433039 3.775002 1.22649 1.69363
1 2.909746 0.4408251 5.553698 3.149288 1.580765
1 0.3104747 -1.187563 5.786306 2.914291 0.5207033
0 -0.3085799 3.154455 -2.017182 1.709379 -2.836054
1 0.4296714 -0.6319723 3.132424 0.2412852 0.7723473
0 0.5376803 3.282916 0.915826 5.354367 -2.220371
0 1.195963 8.038956 -3.264602 4.341456 0.5558325
1 2.650978 1.207383 4.028037 -1.350602 5.320134
0 2.103077 2.322572 -0.07661942 1.798547 -1.69222
0 -2.108299 5.116442 1.637137 2.122037 0.9573546
0 1.42793 7.43947 1.850898 1.743862 -3.038556
0 -0.2134908 11.16789 -0.8534367 2.132946 0.2907771
1 -0.6632019 1.616767 6.230881 4.339699 -0.5236152
0 -0.100427 1.424712 -4.496127 1.351725 3.837136
1 3.124644 -4.10154 3.489434 0.3901687 -2.54103
1 3.380616 4.28659 7.718869 -0.1563706 0.7800176
0 0.5528691 4.751881 1.740416 4.022349 -0.07275076
0 1.10879 7.03655 1.646731 2.186989 -2.22194
0 -2.025468 -0.2057466 0.9912079 5.073172 1.232696
1 1.806 -0.4404953 1.497945 2.244648 1.74295
0 -6.707585 6.134988 -0.4716376 1.835521 -2.265733
1 3.661296 -2.150926 0.8491383 3.504857 3.138451
0 -1.81687 5.401511 4.560046 2.484722 -2.342952
1 -0.1421213 1.840884 2.787324 2.837521 5.494317
0 -1.574528 9.11789 -0.1010346 5.349114 -0.405363
1 2.963963 -2.663103 4.915168 0.360122 -1.296189
0 1.372071 8.491545 -2.530571 6.133453 8.160374
1 0.8898521 2.751045 -0.3585068 1.14961 -1.872888
0 -3.77305 4.439139 4.240919 1.502079 -0.7443344
0 6.599165 5.712682 4.27824 7.423003 -2.831895
1 0.137155 4.580755 1.215203 3.440232 2.906599
0 0.6962677 5.597996 2.670004 2.300949 0.1976348
1 -3.172703 0.6801349 1.540166 1.809087 -5.072659
0 -0.281959 5.227776 7.083499 0.6971381 -1.727285
1 7.847973 -1.041166 6.130782 3.962583 -1.783606
0 -0.7589275 0.8017644 2.515796 1.559472 -1.497729
0 -0.8408082 8.690186 2.512121 5.514718 -0.3033419
0 0.4607943 2.388896 -7.251932 6.550289 -0.3592337
1 2.582547 0.4990863 4.809357 4.473039 8.080507
0 0.7299763 3.328553 -2.940313 2.853332 1.684261
1 1.594721 0.2137706 5.792418 -0.8474707 5.421858
0 1.056111 1.536007 2.088934 5.552259 -0.6394548
0 2.972668 2.520245 3.880694 4.688678 1.791516
1 -0.4171941 1.757978 0.7551861 4.08884 -1.704316
1 -4.735633 7.183248 5.853539 -0.5451107 2.175897
1 -1.749777 2.987619 3.743938 3.871105 -1.494676
1 0.5852949 3.672079 1.822556 -4.027437 -1.598621
0 -2.876067 6.852707 -1.828962 5.0338 -0.7598406
1 1.380307 -0.3790864 5.087158 0.6851691 -1.10163
0 4.434339 4.948051 0.936298 3.966507 -2.552247
0 -2.711059 7.851262 0.7075409 3.998304 -2.392185
1 2.395538 1.399218 1.656505 5.10882 -0.728238
0 -2.835801 6.648808 1.524899 7.252512 0.1204866
1 -0.6359719 2.282961 0.8358862 4.229748 2.009623
1 6.875864 -0.7774327 2.342108 2.010872 1.401176
1 -0.8111423 0.166335 2.50155 3.457731 2.370022
1 1.784936 0.9940968 4.589245 3.733547 0.5145702
1 4.047199 1.775937 5.19592 -0.1051167 2.127279
1 -1.315862 5.850879 3.282234 3.031509 0.3064515
1 1.227824 -0.5873896 3.638403 -1.945974 -0.2459294
0 2.46583 7.741407 2.372638 3.267067 -5.557998
1 1.191042 0.5792482 1.649055 5.883117 -2.79214
0 1.402614 4.197826 0.7622075 -0.05983978 1.046979
1 -0.4230519 -2.183462 0.007946968 -0.2102295 4.55304
1 2.531659 2.818149 4.228945 1.988888 -0.6597065
0 -2.327016 5.050917 4.819955 5.565736 1.429999
0 2.798596 4.092593 -3.437828 3.487687 -1.532087
0 -3.814989 6.385281 -1.431868 8.351447 0.4487367
0 3.617983 5.293403 2.652729 -0.6056108 -1.239393
1 -0.7814535 -0.6729383 3.743823 2.871439 1.219871
1 0.464924 6.328128 -1.839636 0.5932283 0.7713027
1 1.768638 4.559071 3.362444 4.392102 2.640037
1 3.644707 4.864684 0.1896414 -0.193491 0.9775681
0 1.158577 4.896156 1.923526 -1.898673 1.3111
0 -1.399437 5.932304 0.06489721 5.65336 -2.039012
0 2.131936 2.852974 1.918103 0.6442102 1.294215
0 0.396124 -1.173638 -0.7437969 4.403902 -1.381586
0 2.349725 4.000239 4.599477 1.197604 -0.4364007
1 3.482506 -0.4042454 4.117456 1.018739 2.302237
0 -1.783877 5.497982 3.034932 4.262579 6.744379
0 2.491463 3.78195 0.957685 7.768679 -3.112841
0 -1.550377 3.506809 -0.650808 1.482712 0.9792353
0 0.8120597 6.323786 2.562569 3.961977 8.157864
1 4.902659 3.198934 1.754908 9.745346 0.4114183
1 1.610245 -2.822423 6.686407 1.824092 3.723577
1 0.4754838 0.7433959 5.803675 1.255609 -0.5451376
1 1.672075 -0.02009992 6.327929 2.932078 2.698759
1 3.197133 -1.446795 7.837832 -2.122423 3.954048
1 -2.145813 6.096762 9.007808 1.242841 0.6432319
1 -3.794757 5.083587 6.325633 1.072603 -2.311758
1 2.219608 2.219856 2.769737 3.863211 1.771971
0 1.130088 3.574822 -0.3351618 3.005678 1.259993
1 2.241952 -0.3544161 -0.6910775 3.456322 1.892411
0 -0.7328816 6.9467 1.299132 5.778605 1.930098
1 4.242858 3.109007 0.9629918 2.223785 1.75008
1 -0.1059347 3.763393 9.338491 0.7305434 2.260619
0 0.7334177 6.962253 4.288004 5.722752 2.818351
0 0.9252299 3.601676 -1.580174 3.635711 -2.443448
0 1.608486 4.28156 1.519716 4.747954 0.4302024
0 -0.0381337 0.34592 -0.7908904 5.679209 3.750852
0 2.7313 6.050812 1.305325 5.972692 0.110554
0 -2.660579 3.914191 0.9486822 3.818407 4.815384
0 0.6766722 4.252748 2.507269 -2.067812 2.69923
1 0.3330905 0.5967279 2.548599 3.237077 3.394397
0 -3.955917 0.9300995 -0.09204395 4.622263 4.161328
0 -0.5484081 -0.6516047 -1.145792 -3.06614 -2.835378
1 -3.397465 5.593942 2.674476 2.030011 2.639255
0 1.10815 4.779979 -3.52956 4.841956 3.123913
1 2.717609 1.862155 5.533357 4.767914 0.2173086
1 -2.898037 2.887374 5.467055 3.316326 -1.500145
1 1.689067 -0.5445685 4.488943 3.368053 3.872568
0 -1.36289 3.864702 0.618948 5.430211 -0.7779439
0 -0.368575 4.594779 -0.04955278 3.287476 2.671885
1 1.306032 0.8496968 0.799163 0.3792548 -2.880858
0 3.921314 6.148252 2.530581 6.231907 0.8909486
0 0.2460064 4.639642 0.5746712 6.710149 -2.839651
1 -1.339243 1.195711 8.566903 1.929075 -0.2431015
0 0.8008774 2.591525 -0.7273527 3.863617 2.42495
1 1.354852 3.049541 3.581228 7.582136 -5.754127
1 2.929156 2.701206 6.209735 2.658043 -1.635308
0 1.52773 4.788661 3.817903 1.449519 2.017764
1 2.970908 3.073963 1.865994 2.144491 0.7876231
1 2.351772 2.771338 1.585137 -1.657888 1.92354
1 1.898927 -0.2015097 4.478585 2.531779 0.9369876
1 -0.271276 5.438374 -1.297608 2.312474 -1.082691
1 3.333127 0.8315052 1.732872 -0.5881657 0.0952401
0 1.393366 5.506575 1.42141 1.684425 1.610744
1 0.7134386 0.5021546 1.067895 1.921772 3.417907
0 -0.7802309 4.189579 5.123971 0.8718528 -1.395845
0 -0.9796156 3.320947 -1.883615 2.153694 -3.656928
1 0.7179244 1.02701 1.241037 5.817551 0.1486511
1 4.656247 1.72194 4.958336 -2.658761 -0.01001469
0 -1.437717 5.626465 2.474768 4.878431 3.74409
1 1.073396 -1.236078 5.285204 2.337555 1.182904
1 2.214236 0.8638466 2.437757 0.2483538 0.9221367
0 -2.402625 8.428716 -2.674393 4.740416 -1.905384
0 -3.138785 3.350408 1.588053 4.241377 3.916724
0 1.205624 9.790873 -3.481151 1.615036 -2.36176
0 -2.320059 1.245428 -1.027449 2.511852 -4.585725
1 -1.035753 2.452582 2.160532 -0.5788858 -2.226886
0 1.074271 8.336329 0.5128779 5.82072 3.257965
0 0.5460794 -0.01262388 -3.647246 2.05068 -0.7141882
1 2.073394 2.873049 0.0837389 0.971921 -0.440257
1 0.595017 0.8690443 5.041399 -0.6539301 -0.015898
0 4.058828 -0.1906233 1.553945 2.868779 1.358792
0 -0.2302335 7.876589 1.948523 5.056316 1.304907
1 2.089359 3.102704 1.051773 6.924683 1.410158
0 -4.379033 6.983939 -2.912727 2.650419 2.645022
1 1.723935 0.5991487 3.334741 1.350411 3.503749
0 0.09939748 4.870347 -0.05686838 -0.4054057 -2.20676
1 -5.584712 -0.8588663 8.104671 -0.553113 5.569704
1 1.516904 0.03897261 7.692687 6.489916 2.359344
1 5.529456 1.085078 -0.187802 1.088898 2.29272
1 -1.425753 -2.495323 5.425877 2.242504 -0.7492527
0 -0.5640084 1.050859 2.389863 5.169465 -1.238299
0 -1.271338 4.188297 0.1490256 6.944339 4.332015
1 1.246978 -1.691371 0.7404329 4.932439 -0.1351725
0 0.8507919 5.735336 0.4325683 2.205562 -0.2095803
1 6.600245 2.229453 4.161274 0.3281608 4.878521
0 -3.254526 3.384908 4.684609 3.929055 0.8343626
1 6.556863 2.32795 1.180809 4.188985 -1.162266
0 0.6585422 0.565775 7.452076 7.839346 -2.862122
0 0.7259494 4.185464 3.057755 4.950646 -3.521827
1 0.8678123 2.063514 7.093634 -1.574367 2.795727
1 -0.9829759 2.88601 -0.1723133 -0.2706006 -6.375192
1 -0.3771614 7.311785 1.753494 3.679519 1.356716
1 4.250276 0.8118838 3.771292 2.161142 -1.048613
0 -3.06607 6.250061 3.783628 4.38206 1.434241
1 0.04842205 -0.8308224 4.68941 3.351411 -1.886433
0 -2.873462 2.217911 -3.086761 5.916958 -3.925782
1 -0.5713908 -1.295113 3.389875 2.686764 1.507651
1 -1.476901 1.18565 0.9117899 1.661561 5.066186
0 -1.75761 4.092519 -0.1502103 3.144736 1.113907
0 2.313037 2.140936 -0.2914452 2.539247 1.210158
0 -1.04108 4.443438 1.20528 2.771901 2.063162
1 4.561499 2.210106 0.4038834 -2.154181 5.543568
0 3.209092 3.307037 -2.899566 3.312436 -0.06526786
1 -0.332138 0.4082321 3.488622 1.873152 -1.204141
0 2.585132 4.931646 3.982036 5.613156 -2.510144
0 -3.982053 7.452535 0.5329775 0.1760265 -0.07819103
1 0.3215318 1.282777 4.397464 3.086321 -3.643302
1 -0.1455052 -2.465003 6.980557 1.959988 -2.601623
0 1.099304 6.955829 1.897801 0.9525701 -0.4567743
0 0.9458475 1.112301 -0.5720926 8.262915 -6.613826
1 3.015866 3.852304 2.742763 0.01682261 -5.685283
0 2.913047 -2.524358 3.746566 1.874324 3.176004
0 -0.1950835 1.313521 -1.722298 3.759164 -0.8454728
0 -3.088297 -1.00401 -0.7751176 3.911845 -0.5209924
0 -1.533119 6.027221 1.428021 6.174695 1.641854
0 -0.8796918 5.478044 -2.667551 6.761763 -0.5724319
0 -3.250645 -4.113055 1.706483 7.516935 -0.9891729
1 -0.7191653 1.093145 4.847875 0.8532936 4.866794
1 -0.717871 -0.3999956 1.928955 1.476407 4.932757
1 3.077026 7.644533 -0.3625395 -0.7099298 -3.271322
1 2.804437 3.959132 0.2006707 1.485621 2.030925
0 -2.51324 3.706715 4.321115 0.1782101 2.209564
1 -0.05219492 4.434511 -0.001618704 -0.4095056 2.876874
1 3.154279 2.102761 2.710593 0.5444662 -1.882797
1 -4.008206 -4.009508 5.514985 7.022424 4.428274
0 -2.662589 5.739874 3.001977 -0.2515152 2.816814
0 3.090861 4.593848 -1.713373 5.221979 3.201761
0 3.783316 -1.648081 -0.0487746 -1.844963 -0.2354526
0 0.3388542 5.519189 4.302997 1.909041 2.152719
0 -2.850338 2.968385 5.567117 5.09468 -0.5355029
0 -3.495884 2.542141 1.43844 2.367173 1.092989
0 0.4609015 5.57675 5.055965 4.217708 -1.156913
0 0.5255874 6.718064 0.2430286 3.463643 1.821658
0 3.632476 5.333818 -2.243736 4.707662 3.753833
0 -1.893005 -0.7509501 2.868454 4.880652 -2.350953
1 3.623857 -0.5265546 1.315693 2.610421 0.7177861
0 5.763376 6.367068 -0.8319376 6.004163 1.644853
0 6.209167 5.863807 -1.368981 2.711454 0.9458026
0 3.207916 4.373966 -2.475471 3.931285 -4.968329
0 -0.01952382 0.8806045 0.9662227 4.761527 -2.279764
0 -3.827791 6.144262 6.346982 3.324952 -2.138675
0 1.798183 4.304757 0.256313 5.911957 1.80301
1 -0.9263577 0.4488981 1.148468 2.964023 -0.06944266
1 -0.4912557 1.768352 1.333019 -0.7582934 -0.2579459
0 -2.846547 4.125941 -0.7795041 1.824329 4.092832
0 -4.766374 3.811451 2.528179 4.801439 -2.803262
1 3.933832 2.091245 5.852159 -4.640026 -1.276242
0 -3.906857 0.1951508 2.226546 -2.765525 -1.530974
0 0.2369577 1.794959 2.58835 7.026304 -0.4479957
0 -6.051577 0.3257246 2.55075 7.729251 1.112256
1 4.20374 2.519243 7.314943 2.589124 0.8832529
0 2.502899 6.850138 -2.771734 1.884382 -2.583282
0 -1.007126 5.133053 1.589561 5.131958 -0.4044054
0 -1.772277 2.360459 2.093295 8.180219 1.211109
1 -0.3367249 -2.881068 3.890059 1.559657 1.035714
0 -0.4149628 5.893039 -3.275906 6.173434 -2.61238
1 0.1012082 1.397699 6.964141 2.541662 4.698525
1 2.22192 -1.054389 0.308588 -0.2314348 0.4573678
1 2.868749 5.569616 3.307356 2.382517 -4.202011
0 -6.378644 3.40578 -2.167305 4.099887 0.1583187
0 -6.579441 1.303214 1.752749 5.107905 2.094044
1 -1.295612 0.1445697 -0.8894649 3.940745 0.9328006
0 0.3851089 10.05788 -3.888984 4.098134 -1.758769
1 5.742451 0.670569 0.433026 3.135503 3.091624
0 0.6097527 0.8737398 2.162979 -3.268449 1.329394
0 -5.198432 0.9468975 1.797751 4.565199 0.400998
0 0.3261715 4.666304 2.63157 5.771125 0.8589719
1 -2.190829 -0.03400744 -0.7249845 3.272717 1.060095
1 -1.151567 4.004185 -1.459395 0.1264954 -3.637458
1 3.638146 -0.7037735 7.700611 0.9130371 0.7086784
1 1.570545 1.141319 5.57943 0.9989543 -0.2983482
1 0.4030849 3.80934 6.926319 2.785626 -0.3480682
1 5.133173 -0.6363536 0.3281138 1.40876 0.8533987
1 -0.7350308 2.039568 7.462254 7.48612 3.184522
0 -2.591673 4.409765 2.818193 5.425836 -0.4126499
0 -2.276869 5.982124 -2.419818 3.519625 -1.958939
1 0.4880006 1.366156 0.002143003 5.102081 -1.094673
1 -0.6737057 5.441245 1.918862 5.719337 0.5686071
0 -4.008493 4.813225 -1.952581 4.039323 -0.1134408
1 0.09320963 4.199204 1.960965 3.978616 0.5388469
1 -0.6218197 9.113214 1.724303 0.2596986 3.658431
0 4.022274 2.987669 0.8272799 1.774638 -0.0001725589
0 -2.886879 5.623616 -1.758104 7.374275 -3.854724
0 5.893122 7.338791 0.9492896 2.654302 -0.4489544
0 1.881175 8.035075 3.0627 4.297198 0.8711334
0 3.65116 4.735866 -2.634374 10.00095 -1.351622
1 3.808205 4.236363 4.117829 -0.1273794 0.6726739
0 -4.625081 3.467998 4.846357 7.092228 -0.0881675
1 -2.447415 2.115787 3.83465 1.829684 0.1693233
0 -1.279364 6.612798 -0.6309255 3.996202 4.894736
1 -3.545697 3.347969 -1.137285 3.808499 0.7003038
1 0.9703802 4.415674 5.009435 4.607406 -2.401949
1 1.874029 0.1706766 9.692496 -0.8078018 0.958463
1 -0.2324352 0.6626126 1.286692 3.931856 2.004948
1 2.695899 4.127691 -0.3146212 3.806629 -2.587007
1 2.723956 2.894598 5.550068 1.469592 4.375466
0 -0.007868508 10.43254 5.091335 5.708727 -2.191272
1 2.850427 0.2595532 5.151429 3.059724 -1.013832
0 -1.05652 3.441523 2.275035 7.018892 2.38541
0 2.70215 1.640265 -3.184833 8.725493 -2.16333
0 2.065306 5.452222 2.921503 4.934917 2.276562
0 1.852181 6.543266 -1.413285 1.67248 -2.167426
1 -0.060398 -0.4010784 2.855109 2.581704 -0.2099405
0 0.8305279 4.552421 3.63704 7.083423 -4.108416
0 2.063352 6.037722 3.151404 7.759223 3.094387
0 1.676851 4.911276 -2.181081 1.780137 -2.049181
1 -1.65459 1.081103 3.016926 4.326425 0.4603728
1 0.3901355 -4.892167 4.683618 1.539569 -1.206604
1 -2.792441 -1.949825 1.117006 3.93388 0.0111421
1 0.8901957 -1.569166 2.993114 4.205417 0.6855592
0 -2.086178 3.370003 0.6421753 0.8805166 -3.713564
1 1.975478 0.1798082 -0.6295747 -0.5253512 2.41955
1 0.2866851 -1.373617 1.483393 2.101063 -0.1651463
1 -0.9790323 0.2512391 6.525876 0.5535724 3.617178
0 -3.891609 2.286059 1.345742 5.276011 -3.072449
1 -5.78061 7.063822 2.843653 2.539336 2.775175
1 1.398345 3.355505 0.7108857 2.396357 3.755991
1 0.740382 4.620036 3.866411 4.240922 -4.430347
0 -0.7355242 8.058258 -0.02350284 3.889598 -2.118241
0 3.752493 3.011805 1.985735 4.154464 -2.17858
1 -0.9387239 1.236557 6.744899 6.329153 0.9265407
1 -3.844859 2.448121 4.197476 2.668266 -3.544701
1 -4.027636 1.794435 3.073452 5.821428 -2.595473
0 4.707115 4.494773 -1.831488 3.07065 -0.05524956
1 -3.383694 6.53166 4.519471 4.004296 -0.09524057
0 -2.52993 -2.879666 2.866422 4.973183 -0.5329683
0 -0.6462003 6.647354 -0.9381515 3.027762 -2.300339
1 2.130099 3.456173 1.931536 1.996922 -1.178472
0 1.551338 5.232791 5.225429 0.8768202 -0.7810365
1 -1.90729 -2.088417 5.272751 5.959288 5.910882
1 0.8990012 5.471728 5.001473 -2.515856 -1.672146
1 1.099831 2.970432 5.149684 6.104819 -0.3257744
1 0.09703909 -1.940899 -1.367873 6.394938 1.786918
1 -0.510685 -0.528978 -0.4861731 -2.220855 1.155242
0 -2.92385 3.735614 -1.128596 5.467338 -0.7582129
1 2.467238 1.594383 2.48392 1.097863 -1.788442
0 0.212168 10.09046 -3.518706 7.997579 1.011402
1 3.127314 1.58022 3.152605 1.027352 -1.028442
0 1.632137 2.33622 0.3884233 -0.12696 3.234783
1 5.054832 -4.250344 1.221201 5.564555 1.412395
0 1.918093 5.194447 1.389392 5.149361 3.672282
1 2.704271 4.328757 7.325939 2.296302 2.588416
1 0.1944326 1.244641 4.872796 2.455915 1.531516
0 -1.013135 7.727919 3.290326 2.744362 0.7029365
0 -1.039547 7.123902 -0.4943069 9.860316 0.6372332
1 -1.282514 2.432308 2.17675 0.4002227 5.232221
1 -0.06856153 4.555893 5.92425 0.282363 -1.731519
0 -1.025803 5.655688 5.27477 0.237946 1.093936
0 1.190054 4.844504 6.804588 5.831283 2.222854
1 0.4643663 0.5179114 8.167678 5.648632 4.494137
0 -5.98191 3.758253 2.978447 6.995354 -2.286963
1 6.292475 6.55977 0.2846352 0.8292462 2.433987
0 -0.8695764 6.085456 1.884053 5.466906 0.5583772
0 -2.235186 4.92724 0.7942447 3.96109 2.297234
0 2.671335 0.8352901 3.939767 1.983731 1.688842
1 -2.665216 4.856846 4.866958 3.891603 2.558673
0 1.587657 0.7896755 -2.949742 1.387349 -1.818845
1 1.106324 -1.103288 0.9379477 0.7928235 -0.4659671
0 2.559102 2.878962 -1.246122 7.788439 -2.025225
1 2.460831 -0.06441992 3.351944 1.99068 0.3155466
0 -3.892496 7.419369 4.284754 2.594184 -1.425311
0 -1.626281 3.23144 0.7226061 -0.1756897 2.804302
1 -1.13891 2.496263 3.679979 4.176231 2.681065
0 -1.144083 2.841488 2.532714 7.177811 0.8935924
1 3.828853 0.8837615 0.741597 0.5866371 5.367066
1 2.231359 0.7840976 5.038328 0.9578839 0.3485949
1 -1.201641 -1.178204 2.455377 2.817096 2.406209
1 1.528023 -3.89259 5.748274 4.546038 2.753739
0 -3.730305 0.7286743 -0.3525243 4.378684 -1.416827
0 -3.534496 -0.1652639 2.394103 2.543328 -2.738269
1 0.7156857 4.87662 3.994091 4.900875 -2.4116
0 -0.1385338 4.297113 3.369784 4.156874 1.748637
1 4.118193 5.805161 1.866725 2.788208 4.020553
0 -1.614005 4.050189 -0.3518435 0.1929398 -3.462878
0 -1.771881 7.467144 -0.3574794 5.500225 1.49164
0 -1.901737 -0.5603456 -2.475592 -0.8454973 2.090424
0 2.708438 2.284562 -4.940738 5.536818 -0.7464613
1 0.3157398 -1.613704 4.453368 4.699212 3.890471
0 -0.3752183 0.7407603 0.8470352 5.942561 0.584675
1 1.944002 2.819451 8.478415 5.377807 1.232953
0 3.720081 1.996481 1.767674 3.48239 1.226735
0 0.655656 3.375798 0.03605488 2.193632 2.542908
0 2.698151 6.548265 2.278547 3.45211 2.883776
1 4.083082 -1.684731 4.963593 0.5785017 -3.060043
1 1.633508 -0.5035573 2.689654 4.032837 4.328257
0 2.093473 -1.063032 1.526406 2.491221 2.479374
0 -3.81086 6.205227 1.740541 10.42194 -3.505966
0 1.47276 7.578238 -3.077329 0.4612724 0.9470512
0 -4.371621 4.857874 -0.649591 4.395684 -1.225861
1 3.279742 3.330131 4.475869 4.40826 1.670732
0 1.326113 3.875986 -1.303538 8.652532 6.679477
1 -5.307642 -2.652058 1.851447 -0.04437826 1.618951
0 0.2397823 2.286261 -2.352708 6.114545 -0.8868112
1 0.9123971 2.909642 3.88016 2.920939 3.800898
0 0.49526 4.5018 -3.373117 3.751527 -2.28965
0 -0.3845706 0.6576783 -1.10086 4.912286 -1.443232
0 2.165799 3.205628 2.196298 7.329095 0.07984025
1 1.544021 1.74088 -0.5554599 4.642898 1.38313
1 2.681713 4.027032 3.13165 1.128337 1.592678
0 0.6920716 3.160983 -3.533463 4.849288 1.978443
0 2.278436 3.961676 0.09971336 6.819417 -0.7314411
1 0.2351753 5.378628 4.092572 3.12347 2.979813
1 0.3744993 -0.7602887 5.945402 -1.685469 -0.9249645
1 4.026551 5.257796 5.447074 5.939328 0.8060092
0 3.350229 -1.122758 -0.06638747 5.316569 0.5144433
1 -1.887599 4.434211 3.297424 1.346587 4.446868
1 2.995588 4.71015 6.915242 -0.2163104 -1.028985
1 -0.8093335 11.15983 2.64887 2.500599 2.554629
0 -2.122802 0.07045899 -0.7012103 7.824678 0.9380596
1 0.2642742 3.914264 0.01046803 -1.853273 0.4885136
1 2.665123 5.659179 1.357703 0.07210676 2.17994
0 0.2044554 5.457376 6.21835 6.623686 0.6069853
0 -3.045897 4.666665 7.56866 4.681828 2.520704
0 -0.273059 3.732566 0.3337387 3.362505 0.01562285
0 0.9680257 -0.3118861 1.698201 4.896809 3.450182
1 -4.734514 2.39795 5.814496 2.411504 0.643954
1 -1.694062 4.289901 6.658837 0.1748555 2.498096
1 -4.331377 0.6619571 2.739588 2.421565 -1.121295
0 1.859365 8.564325 -1.714532 1.928122 1.500916
0 -2.468522 3.673756 -1.630643 2.492251 -0.3010446
0 2.959209 4.61536 -0.5541092 3.225045 1.052813
1 4.088144 -0.6454397 2.145799 3.380536 -1.586228
0 1.148362 5.421709 2.426036 5.331662 -1.226322
1 2.421268 4.276687 1.053617 -3.45077 4.034525
0 -0.9758383 6.694414 1.145946 1.909398 -3.604218
1 2.655826 3.206335 1.79002 4.652331 2.664934
1 3.554515 0.3355402 3.591994 0.4606507 3.930514
0 -2.256884 6.036976 1.448196 6.499153 1.128851
1 1.285578 -1.392811 2.047687 -1.68093 1.798738
0 -0.0259809 4.51935 1.818655 -1.025322 -0.8346629
1 2.486566 1.005422 6.196657 1.455371 3.038233
1 0.9656726 1.411506 2.03679 1.985837 -0.09347037
1 -1.118528 -1.459372 5.014633 0.7755761 -0.3311186
0 -0.01576879 5.056349 -2.366862 5.295034 3.468976
1 3.4015 0.6615493 2.476076 0.4747786 1.526227
1 0.8356041 1.209157 1.174361 4.054481 2.171497
1 -0.8862832 0.4105257 1.268715 4.987745 -0.7044447
0 1.925392 2.876542 1.922684 0.8231876 1.134482
1 0.2999034 1.265211 1.350865 1.521495 0.9486756
1 0.0153731 -2.968664 5.953998 -0.4051444 -1.687351
0 3.577474 2.81498 -1.786575 4.520686 -2.076172
0 -5.756129 3.094899 0.7323034 3.720374 -1.830074
0 -0.1793247 -0.2867759 3.820772 5.948186 -0.670948
0 -2.383373 2.97469 -1.141906 6.126339 1.247223
0 1.2126 2.480838 -0.4155233 0.05903978 -2.278663
0 1.071266 2.373337 -1.725644 3.273356 -2.575594
1 -2.740965 -1.380192 5.819945 3.830785 5.386408
0 3.06916 -2.486784 2.734128 4.357018 4.529959
0 0.179249 3.072336 -1.159796 1.732742 0.01906556
0 -2.338977 3.553122 4.085119 1.743017 4.179099
1 -2.888889 1.4759 0.9931368 -1.801029 -0.9246274
1 3.917094 1.51849 3.293195 1.540739 -3.978746
1 0.7445833 4.692532 -0.5534164 2.02822 0.9562862
1 3.038455 5.32243 2.606286 2.209331 0.8138181
1 4.954478 -0.1754725 1.644591 -1.815782 4.522985
1 -1.208997 5.593885 -1.210426 6.137928 1.497342
1 -0.2494146 -0.7733471 4.356139 2.301163 4.041569
0 2.316807 2.531219 -3.889759 -0.995714 -0.3297084
1 4.899868 -0.5866118 5.620627 4.426112 -0.03661812
1 3.911774 2.844768 3.222876 0.7499395 0.9431951
1 0.1617947 4.80288 3.01976 3.526718 -3.520383
0 -1.281543 6.292311 1.524486 -1.137276 -0.2046559
0 -0.6254862 2.743145 5.581109 4.405793 -2.051915
0 1.895702 4.6693 4.459448 1.361641 -1.721799
0 2.236053 4.106245 4.313434 5.945331 0.2064537
1 -1.071659 5.79326 5.388852 5.002176 -0.003359353
0 1.001896 1.865903 0.2983112 0.4835593 3.114354
1 -0.3284548 3.506606 1.227225 4.607243 1.72385
1 -2.114315 3.065533 3.760753 -0.3147181 0.2313442
0 -2.662536 8.476926 -3.813668 -0.8742626 1.064816
1 0.1958232 2.598532 2.290832 -4.402162 -1.221598
1 1.002201 3.146584 4.454115 -0.05180923 0.4252698
0 -1.796089 4.253219 2.253482 2.347562 -0.6331921
0 1.031933 4.621463 -5.382907 4.875414 4.442317
1 0.7119287 6.068755 0.05902937 0.6552303 4.378401
0 -2.1677 1.155214 -0.2087583 3.78349 4.391653
1 -0.8724811 1.672614 0.1568763 0.4264124 -3.040684
1 -1.548812 5.082979 0.8197938 1.027199 1.846655
0 -2.955887 0.4014466 -1.582531 4.432444 -1.881891
0 -0.6180038 6.509805 1.559625 7.569256 1.833585
0 -1.395337 4.33324 4.995833 4.049776 -0.2750103
1 1.468496 7.604989 6.854347 5.013793 1.241264
1 1.555592 4.503868 -2.467 -3.9618 -0.7892982
0 -1.363296 2.075015 3.268514 7.558772 1.963892
0 -0.4898613 6.528599 0.7186844 6.811736 4.632769
0 0.5003969 4.198227 1.836422 4.247337 0.02813758
1 -1.93595 5.004435 4.604438 1.846152 -1.662472
0 -3.500562 5.911801 -1.365176 3.275904 -1.908288
1 1.324945 -1.531675 5.26432 -0.01965473 -0.09487162
