0 -0.7064082 3.266121 0.2208592 4.825086 0
0 0.912854 3.48706 0.3057296 4.402847 -0.07224356
0 0.2116067 4.659067 0.9210807 4.95437 -0.7723788
1 0.7854812 2.079436 1.336324 2.16746 0.5728526
0 0.1380971 0 1.143737 4.632105 0.2767737
0 0.4398898 4.436032 1.55822 3.477277 0.3308824
1 0 1.320041 3.46353 1.087296 1.499402
1 1.125497 2.13317 0 2.356477 0.6416401
0 0 4.084516 0.5282877 3.815544 -0.5779729
0 -0.9736976 4.760969 1.335274 5.089964 0.3042767
1 0 1.622199 2.608584 1.599275 0.4128135
1 0.4944734 3.02423 0 2.178174 0.937004
1 0.6259453 0 3.722098 1.370121 -0.2300522
0 -0.7364637 4.2162 1.708314 3.953809 -0.3779983
1 0.5306746 1.341631 3.554466 2.313942 0.8022165
0 0.8705339 4.064288 1.466646 4.584549 -0.1322357
0 -0.3757732 4.764131 0.9730492 3.624824 -0.2855495
1 0.8031889 1.531902 3.37761 2.139083 0
0 0.3794064 4.053186 1.744866 3.019489 -0.4572549
1 0.7417741 0 2.152715 2.545287 1.354544
0 0.2524422 2.925861 1.310052 4.146231 -0.1963526
0 0.2565932 3.866266 1.41349 4.165348 0.8420743
1 0.7465095 0 2.95209 1.741849 1.4231
0 0.4887558 0 1.461595 4.08035 0.487937
0 0.06234234 3.437901 1.448285 4.344831 0.2600617
1 1.164606 2.434071 3.096475 1.6582 1.110863
0 -0.3542747 4.073568 1.11825 3.532503 1.094383
1 0.3479169 0.9446175 3.300814 1.834378 0.8948325
0 -0.8966847 4.378239 0.8908357 3.818522 0.4453592
0 -0.563284 4.576039 0.9693362 0 0.470218
0 0.4674893 4.089732 0.7273027 3.551374 0.007409374
1 0.0410793 0 3.011365 1.644311 -0.0277876
0 0 3.933792 0.9202387 4.45685 0.4707874
0 0 3.812675 0.9108913 3.392931 -0.1568023
1 1.363897 1.622438 2.468266 2.144628 1.415582
1 0.8745589 2.141928 0 2.022154 0.9274943
1 0.8054729 1.955741 3.606869 2.023939 0.6685015
0 0.7687065 0 1.498468 0 -0.7559784
0 -0.006567962 3.338199 2.1923 0 -0.7734163
0 0.2284837 4.131787 1.586085 3.422507 -0.6867011
0 -0.005469817 4.269686 0 3.045743 -0.4219361
0 0.123209 3.708496 2.014709 4.473865 -0.7855967
0 -0.2933442 3.649833 1.609903 4.815075 0.2321157
0 0.7076517 2.894549 1.17694 3.864951 -0.4520566
0 -0.8742265 4.341237 1.13563 4.453443 -1.103065
1 0.4964508 1.290704 3.025972 1.073225 1.230817
0 0.09940583 3.558503 0.392525 4.221543 0.3709368
1 1.30101 2.253384 3.422211 1.504889 0.4791466
1 0.8628099 2.193881 3.288299 1.131445 1.488298
0 0.494355 3.544829 1.49413 3.681495 -0.3941157
0 -0.2639745 3.952938 0 3.605081 -0.288137
1 1.004837 2.703983 1.878765 0 0.1494976
0 -0.1046948 4.037992 1.703459 4.900149 -0.6848534
1 1.427094 0 2.409011 1.244098 1.501481
0 -0.2009016 0 0.8989187 4.101371 0.03176685
1 1.149335 2.195336 3.404592 2.174418 0.8038778
1 0.8833316 0 2.778673 1.417878 1.192471
0 -0.9260466 3.736097 1.358666 4.176755 0.1226808
0 0.150954 3.665775 0 3.540175 0.80708
1 0.8894133 1.240535 2.828906 2.03618 0
1 1.357726 1.93233 2.460141 2.348471 0.6047911
0 -0.8302657 3.47503 1.284008 4.060157 -0.1205173
0 0.1944647 4.599973 0.9961819 4.680952 -0.4576244
1 0.4834686 1.680555 2.67612 2.187939 0.8235119
1 0.5117197 0 3.556205 1.311031 1.480628
0 -0.6103073 4.210036 1.02001 3.259793 0.2920071
1 0.7348493 1.033716 2.520799 2.352305 1.036589
1 0.6482777 1.86778 2.304545 2.446938 0.2747923
0 -0.1470378 3.445874 1.025399 5.345901 -0.02756381
1 0.09322611 0 3.768894 1.825309 1.669263
0 -0.01952162 3.875052 1.464047 3.949366 -0.5966331
0 -0.1904305 3.834209 1.296259 4.279013 0.1243107
1 1.541596 1.875132 0 2.151065 1.679154
1 1.315918 1.4886 3.38218 2.148966 1.015034
1 0.9371975 2.297455 3.938199 1.839169 1.277575
1 0.788224 0 2.324517 1.724911 0.4825769
0 0.4965565 0 1.621395 0 -0.6339075
1 0.9973117 2.77372 3.051799 1.592705 1.168094
1 1.663811 2.359409 2.687817 1.951584 0.9932555
1 0.1451192 1.990184 3.144554 1.277754 1.345384
1 0.3577103 2.30274 2.663956 2.320757 1.226126
1 1.034459 1.943546 0 1.819387 0.8902795
1 1.234497 0 2.756966 1.465969 0.4972408
1 0.4684845 1.876154 3.276159 3.167041 1.589991
1 1.259853 1.751213 3.694499 1.949566 0.2630447
0 -0.09501479 4.612778 0.8063249 0 -0.1292299
1 1.077122 2.360885 2.048992 2.128489 1.763352
1 0.9267463 1.948006 3.215879 2.043008 0.6879423
0 0.7529054 4.435999 0.5455815 3.886857 -0.2910203
0 0 3.788955 1.3641 4.848288 -0.73825
0 0.6956827 4.051129 1.588244 3.9348 0.8967585
1 0.7676274 2.205671 0 1.977224 0
1 1.743539 2.125476 3.191886 2.177018 0
0 0 4.240428 0 4.429378 0
0 -0.1523963 0 0.2438923 0 0.8694481
1 1.317654 1.98079 2.879951 0 1.098142
0 -0.1734514 4.541609 0.7719218 4.676997 0.5641183
1 0.6381604 1.435837 3.52275 1.926035 1.102317
0 -0.03835892 3.344847 1.123732 3.461125 -0.3380939
1 1.744554 1.612692 2.452895 1.810463 1.075786
1 1.025911 0 3.607713 2.532787 1.185289
0 -0.6248431 0 1.803342 4.426453 0.2568979
1 0 0 2.228938 2.007649 1.48806
0 -0.2215469 2.965613 0.7029493 4.080114 0.6293882
1 0 1.232264 3.791258 0.8046877 0.7192073
1 1.646732 1.82865 2.593875 1.707306 1.615623
0 0.7264745 4.092436 0.339346 3.959889 -0.4053925
0 0 4.786334 1.348024 3.995234 0.1762893
1 1.659852 1.711064 0 1.954038 0
0 0.09742125 3.353567 0.7409674 4.145008 0
1 0 0 2.601542 1.847968 0.8404564
1 1.177832 1.924226 2.790215 1.942547 1.392406
1 1.178238 1.80207 3.297547 2.103138 1.541914
0 0.3725363 3.058558 1.228749 0 -0.2637018
0 -0.03360536 3.912965 0.7943755 3.781761 -0.2727128
1 0.6674385 2.386523 3.405206 2.545687 0.6128107
0 -0.291223 4.555498 0.340545 4.106948 0.2665021
1 0.6887009 2.002343 4.155823 2.796851 1.541366
0 0.03782661 3.684646 0.8759341 3.767208 -0.3651552
0 -0.2202973 4.261725 0 5.017521 -0.2292348
0 0.4085227 3.432423 1.593066 4.493851 -0.2399357
1 1.162759 1.627042 3.156775 2.080337 0
1 0.2851032 1.447982 2.765467 1.114073 0.3603387
0 0.1654119 3.028519 2.23914 3.416007 0.4068839
0 0.004893251 4.487851 1.036021 3.702936 0.04388199
1 0.6111606 2.181725 2.868536 1.725853 1.147691
1 0.4374431 2.478041 3.355527 0 1.731361
1 0.7856144 2.153386 2.556436 0 1.773567
0 0.08195755 3.242496 1.024124 3.601816 0.3020082
0 -1.430473 4.523548 -0.01354373 3.612158 -0.04919609
0 0.0299586 3.603792 1.528884 3.412283 -0.4380506
1 0.5760818 0 2.454152 2.431855 0.4170511
1 0.6873446 2.117474 0 1.89213 1.708227
1 0.9193487 2.299188 2.542728 0 0.5022922
0 -0.3086855 3.851748 2.213305 4.024548 -0.3703069
1 0 2.212865 3.296629 2.055319 1.327085
1 0.9833806 1.223786 2.602679 0 0.8680101
1 0.7067435 1.801293 3.7561 2.706445 0.8807227
0 -1.315343 4.231495 1.486947 4.940571 -0.1886771
1 1.623736 1.425009 3.249306 1.923879 1.551041
0 0 3.088664 1.618732 4.575991 -0.4704063
1 0.8264888 2.059869 3.412794 2.550952 1.169425
0 0.1444416 4.244082 1.043934 3.770611 0.4972855
0 0.7321777 3.409617 0 3.788636 0.05950165
1 0 0.9114555 0 2.519754 1.223016
1 0.9347553 1.538373 3.129268 0 0.5912835
0 0.1734898 4.603012 1.169237 3.989371 -0.9324814
0 0.1699005 2.991978 1.031435 5.225244 -0.1911178
1 1.620857 2.666453 3.420594 3.113474 0
1 1.523664 1.730607 3.11048 1.828902 1.309627
1 0.333341 2.206748 2.414971 2.326774 0
1 1.241705 2.674443 3.324803 1.753381 0
0 -0.9077944 4.075292 0.3739998 4.416898 -0.06646803
0 -0.2948715 4.032996 1.190499 3.681413 1.081091
1 0.8121969 2.221235 3.252996 1.692101 0.6644554
1 0 2.186588 2.327031 2.61618 0.4439973
0 0.3313092 3.882873 -0.02942544 3.882146 0.3016636
0 0.17672 5.230183 1.898423 3.572785 0.4342988
1 0 2.365291 2.322089 3.439854 0.8503527
0 -0.2264226 4.35171 1.574821 4.451712 -0.550598
1 1.283834 1.925497 3.061225 2.245236 1.824021
1 1.511427 2.529991 2.401275 2.629117 1.269878
0 -0.2755518 3.75904 1.361278 0 0.4561953
0 -0.04791556 3.552042 1.271885 3.935066 0.04397713
1 0.5973678 0 3.483172 2.961694 0.124748
1 0.9597769 2.477657 3.448699 1.515979 -0.07183968
0 0 3.6081 0.6084864 3.82738 -0.2260462
1 0.6709551 1.121757 2.239989 2.689644 1.157985
1 0.998015 1.93037 3.133772 0 0.8252548
1 0 2.127337 3.640743 1.806629 0.5038898
1 1.329927 0 0 2.299715 0
0 0.18553 3.58095 1.046407 4.01937 0.662548
0 -1.470403 3.468507 0.7183674 0 1.00166
0 0 4.70981 0.0414223 4.102784 -0.162079
0 -0.2511835 3.703029 0.4655041 3.269988 0.02901002
1 0.3263738 2.53438 2.318881 2.545118 0.3078226
1 0 2.51141 3.356299 1.372742 1.447594
0 0.2839568 0 1.537267 5.089232 -0.5579448
0 0 4.318726 0.6030085 4.17958 -0.2271283
0 -0.811208 4.214115 1.29033 0 -0.6567987
0 0.1720699 3.656237 1.081993 0 -0.3624864
0 -0.07723791 5.396806 0.5717515 3.667447 0.4996325
1 1.563482 2.381327 3.47866 0 1.560037
0 -0.9001638 3.848374 1.11631 3.110221 0.2579843
1 1.197239 2.330246 3.126055 2.658198 2.049907
1 0 1.757404 2.916734 1.975361 0
0 0.1619807 0 2.051297 4.381934 0.4308642
0 -0.253341 3.730261 1.344394 0 -0.2865368
1 0 1.644317 2.454892 2.595128 0.7080826
1 0 2.154854 2.920608 2.448773 0.50941
1 0.2743163 2.864484 3.451325 3.146689 0.5509778
1 1.093094 2.054106 2.004315 0 1.59638
0 -0.57837 3.305881 0.6909221 4.568294 -0.3803625
1 1.084058 2.270492 3.715132 1.407971 1.782014
0 0.2370058 4.407165 -0.1473982 3.834904 0.177738
1 1.490028 2.369608 3.828839 2.063213 1.146941
0 -0.005704208 4.242248 0.9734454 3.80487 1.008547
0 0.9591184 4.176024 2.102984 4.538327 0.05028205
0 0.365841 0 0.3999149 3.585521 0.6256209
1 1.475861 1.8278 2.89535 1.473851 1.036176
1 0.71412 2.29399 3.037037 2.492273 1.177218
0 -0.08440075 4.860222 0 4.305519 -0.6725627
0 -0.004685377 4.538641 1.858146 3.714305 0.3765513
1 1.513007 1.747063 2.384711 2.212319 1.395118
0 0.4903476 4.208423 2.332649 4.264008 -0.293693
1 0.8052213 0 2.264672 2.458834 1.27723
0 0.04747667 0 0.8079958 4.057708 0.6595218
1 0.5635215 1.870737 3.527143 0 0
1 1.58661 2.374724 2.765261 1.844554 1.152349
0 0.5419604 4.593898 1.043718 3.673788 -0.2537102
0 -0.07822042 0 0.9945091 3.235529 0
1 1.23356 1.73023 2.673789 0 0.2601891
0 -0.2861465 2.62621 0 3.928648 -0.09173713
0 -0.3482058 3.50364 1.684641 3.35853 0.1924725
1 0.547127 1.908244 2.928984 0.8876269 1.346661
1 1.061878 2.197545 0 2.597155 0.7993527
1 1.102327 2.434598 2.853829 2.319526 1.093629
0 0.02557445 0 1.576682 3.560063 0.1373759
0 -0.4410079 4.385771 0 4.170817 -0.379182
1 1.471821 1.855217 2.558801 1.815631 1.736243
0 0.3658696 3.508021 0.4194062 3.486698 0.0485281
0 -0.6192343 3.792124 0.8980604 0 -0.6656785
0 0 0 0.6726401 3.774895 0.509618
1 1.033946 1.203221 3.138197 2.325267 1.589598
1 0 1.742694 3.359008 2.556034 0.5142673
1 1.357317 1.83845 0 1.979503 1.743811
0 0.2533919 4.539821 1.682285 4.094241 0.4534677
1 0.5589367 1.992129 3.8125 0.4049555 -0.02444889
0 0.05605415 4.749856 0 4.145652 -0.5856334
1 0.858052 0 2.85972 2.327363 0.6983764
1 1.40234 1.993525 2.505956 2.223183 1.095146
0 -0.1960989 0 0.6082506 3.079671 0.2107578
1 1.484403 1.785366 2.152967 1.775022 0
1 1.91792 1.575034 3.244803 1.376244 0.7450627
0 -0.4573691 4.066044 1.893459 4.004404 0.1458469
0 -0.1249314 3.988268 0.9793837 4.217991 -0.5047147
1 -0.03465207 0 3.229378 1.569983 1.082812
0 0.1361282 3.626835 1.054751 5.106048 0.2108881
1 0.5017868 2.368474 3.124831 1.961342 1.586538
1 0.3590347 1.997702 2.990924 1.658837 0.6240248
1 1.31197 2.755429 3.081747 2.446456 1.265423
0 0.4578068 3.273596 0.8717299 3.265293 -0.2457364
1 0.658231 1.389009 2.609421 1.381822 0.8317252
0 0.08973585 3.97242 0.7603858 3.537968 0.2874848
0 -0.4629554 4.527644 1.483599 0 -0.5659954
0 -0.7077735 3.647785 0 3.873012 -0.3485863
1 -0.1251882 2.455816 3.579924 2.160393 1.393376
1 1.463195 2.43594 0 3.506384 0.6837022
1 0.7196936 2.620643 3.479666 2.115801 0.7146587
1 0.8556993 2.491672 3.51957 2.641577 0.7926109
1 0.7094404 2.278699 0 2.395439 0.9954051
0 -0.8178696 0 0.6394529 0 0
0 -0.5943587 4.12313 1.130696 3.893096 -0.7525297
0 0.7089977 3.758527 1.867886 2.910115 0.6027455
0 0.1609309 4.057954 0.8159014 0 0.05565476
0 0.2055336 0 0 3.807433 -0.5539083
1 0 2.425759 2.694347 1.616854 0.0005441695
1 1.360003 1.997596 2.696829 1.346693 1.518226
1 1.045614 1.767491 3.032795 2.413031 0.6345357
0 -0.2777813 3.665583 0.8768429 4.918553 0
1 1.419071 2.309485 2.836805 2.337123 0.5983869
0 -0.3295337 4.723082 1.803391 4.360381 -0.1463091
0 0.03439772 4.005188 0.2886889 4.233542 0.06007838
0 -0.1632865 4.322119 1.637671 4.217778 -0.3962336
0 0.3355151 4.141271 0.695945 4.389472 0.07138582
1 1.661326 1.985035 3.060188 1.83415 0.5314871
0 -0.3964495 3.630614 0 3.758511 0.6929286
1 1.37328 2.159588 2.72367 1.453516 0.2609461
0 0 4.00643 1.047864 4.740886 -0.907821
1 1.028922 2.775563 3.566766 2.479681 0.9746719
0 0 4.172628 0.2707637 3.44707 0.3584022
0 -0.1427556 3.769105 2.038796 3.594186 -0.6122333
1 0.2965514 2.893954 2.5349 2.118031 1.537241
1 1.072315 1.151729 2.194717 2.28426 1.263799
1 0 1.618241 3.055352 1.321452 1.705082
0 0.2763674 4.120951 0.2963857 4.202126 0.01658738
0 -0.05669461 4.248297 0 3.990379 -0.2421666
0 0.3872088 0 1.230877 4.205771 -0.1186252
1 1.485232 2.05814 2.532316 2.591268 0.7677205
0 0.555434 3.906009 1.224999 3.448839 0.9162051
1 0 1.75019 3.144064 1.319472 1.278568
0 0 4.088941 0.4160013 3.427794 0.6970807
1 1.946822 2.449411 2.522367 2.246453 0
1 1.102183 2.069618 2.415119 0 0.621673
0 -0.6135148 4.69746 0.4840375 4.019076 -0.1630106
0 -0.3560893 3.964035 0.2678874 4.344499 0.6628848
0 -0.6346684 4.297664 0 3.748946 -0.4218047
0 0.2062745 0 1.703532 4.34567 -0.7258623
1 1.469717 1.996594 2.42809 2.649038 1.972355
0 -0.5075855 4.534127 0.6361889 3.711654 0.3022847
1 1.163203 0 2.553328 1.794672 0.8454988
0 0 4.469696 0.7892769 4.064463 0.3373043
1 0.3058081 2.016133 3.010484 3.006278 0.7226481
0 -0.04092533 3.856721 0.2509784 3.785697 -0.9994956
0 -0.6578963 3.752044 0 4.273798 0.454194
1 0.6252944 1.861582 2.737938 1.790624 1.56384
0 -0.948919 3.987078 1.273474 4.322849 -0.4348868
0 0.786394 3.071831 0.9788826 4.508477 0.9049689
0 0 5.262734 1.50584 3.905884 0.351456
0 -0.05717904 0 0.2001276 4.131877 0
1 1.080424 1.725531 3.337845 2.213483 0.6430226
0 0.1442806 2.710077 1.339688 3.914738 0
1 1.301087 1.66224 2.617523 0 0.7993616
0 0 0 0.6964173 3.641536 -0.4922471
1 1.521378 2.599519 2.242625 2.479885 0.6602678
0 0.02127528 3.86969 1.929399 4.130041 0.3464308
1 0.9327845 2.43344 2.188937 2.25302 1.702841
1 0.5030217 2.692254 2.498122 2.922808 0.3758124
0 0.0825901 3.106204 0.7415006 3.654335 -0.8287472
1 0.9716023 0 3.318784 2.502156 1.133247
1 0.5477918 2.115744 0 1.39439 1.768143
1 0.6772571 0 3.620631 1.798585 1.577948
0 0.520282 0 1.525514 3.108133 -0.1927558
0 0.002708754 3.648758 1.598162 4.178474 0.2958207
1 0.5862557 0.6409031 3.608629 2.065296 1.228173
0 -0.1008717 4.407515 1.707728 4.362929 0.0306443
0 -0.56869 3.866859 1.623277 4.551058 0
0 -0.2552938 3.259442 1.521732 4.151717 -0.5679411
0 -0.9352717 3.789396 1.572368 3.611574 0.1532853
0 0.1650057 3.878481 0.9724768 0 -0.1871593
1 0.3937247 1.500253 3.035911 1.102563 1.481535
0 -0.0750845 3.599765 0 4.236438 -0.564536
0 0.3517881 4.018873 0 3.985933 -0.488989
1 0.9487261 1.828811 3.012917 1.481795 0.7583694
1 1.164808 1.364088 2.850634 1.706234 0.25232
1 0.3569475 3.177987 0 2.011202 1.144402
0 0.1430434 3.468657 0.5533992 3.674706 0.7875263
1 0.3482678 2.395191 3.473355 2.545551 0.637444
1 0.4678764 2.228476 0 0 1.457207
1 0.9189488 1.562483 3.674657 0 0.2636302
1 1.136615 1.461679 2.548538 1.115364 1.89381
1 0.4588732 0.8965972 3.411786 2.019897 0.358934
1 1.73613 1.641387 3.05625 2.455808 1.539565
1 0.950247 1.888358 2.027337 2.575092 0.8333555
0 0.02212769 3.906321 0.4052556 2.988136 0
1 0.5191093 1.491777 0 0 1.398146
1 0 0 2.775925 2.133155 1.624629
1 1.157786 2.865251 3.581256 2.552722 0
1 0 1.069727 0 0.8882277 1.257734
0 -0.02159773 4.365471 1.548436 5.02707 0.2679835
0 0.5228414 0 0.9873963 4.731311 -0.8998772
1 0.6363087 1.584125 3.123933 1.921807 0.7118629
1 1.132297 2.045712 0 1.673263 2.006054
0 0.8939042 3.943229 0.9033027 3.940626 -0.08414154
0 -0.4724284 4.194069 0.7183748 4.141116 0.5484058
0 -1.239818 0 1.220178 4.188442 -0.7536698
0 -0.0667908 3.47486 0.8653462 4.099152 0.3237909
0 0.2773685 3.723044 1.367091 3.888795 0
1 0 0.7155352 2.960361 2.36547 0.5410335
1 1.091663 0 3.052922 1.809772 0.4806919
1 1.006522 1.754191 2.34334 2.374877 0.3701989
0 -0.06512878 4.466178 1.68455 3.545553 0.1774937
0 0.01074682 3.413175 0.7765036 3.986513 -0.5928046
0 0.3615231 4.006749 0.6879922 4.700755 -0.4900866
0 -0.5366904 4.134817 0.09310577 3.321838 -0.4158228
1 0.8672394 2.480367 2.957211 2.092596 1.111747
1 0 1.850088 0 1.537547 0.8169186
1 1.447281 1.660232 4.278911 0 1.38617
0 0 4.157526 1.028068 4.767533 -0.6384092
0 0.674619 0 1.754983 4.175531 0
0 0.05902624 4.104987 0.8795447 2.686927 0.04528128
0 0.8818931 4.259604 1.155969 0 -0.0300271
1 1.004868 1.463129 0 1.150647 0
1 0.8511864 2.122543 3.093459 2.067888 0.1763821
0 0.1825177 3.636725 1.042785 4.736338 0.4663898
1 0.8256711 1.947045 3.2365 2.598531 0.9328185
1 0.139315 1.599212 3.010424 1.605345 1.080033
1 0.1976206 2.051753 2.585414 2.209117 1.200975
0 -0.6220332 3.611278 0.8555568 0 0.4593053
0 0.4323272 4.504682 0.8496814 3.378674 -0.1174169
1 0.9742851 1.959321 3.035646 1.314099 1.067699
1 1.267095 1.919974 3.856924 1.663713 0
0 0.3821391 4.023821 1.257903 3.896745 -0.7640498
1 1.213199 1.816929 3.142229 1.968663 1.627753
0 -0.1921344 3.735945 -0.004212199 5.085824 -0.2150076
0 0.2189255 0 1.537526 4.582998 0.05107248
0 0.6188452 3.801383 -0.09607733 4.176942 -0.1671398
1 0.1829609 0.9907449 2.927268 2.422457 1.379749
1 1.724166 2.443392 2.505257 0 0
0 0.6485565 0 1.21521 3.912466 -0.4413048
1 0 2.032349 2.835317 1.223838 1.015188
0 0.2974426 0 1.678197 3.574973 -0.3067778
0 0.3738928 4.414653 0.4240105 2.712548 -0.1638302
1 0.670369 1.030899 3.066518 2.565056 0.5632335
1 0.2516458 2.052901 3.007218 2.943386 0.9774866
1 0.7546698 2.05087 0 1.534744 1.354188
0 -0.2241605 4.049326 0.8834148 3.063699 0
1 0 0 0 1.903556 0.6570544
0 -1.691435 4.217456 -0.3598848 4.236137 0.6421952
0 -0.05934925 4.483003 1.048283 4.082735 -0.4758104
1 -0.5570211 2.040007 3.311976 1.321471 0.9621046
1 1.162067 1.858007 3.407167 1.445637 1.005399
1 1.448724 1.905559 3.591076 1.985145 1.382156
1 0.8749738 1.807397 3.012562 3.069614 1.348267
1 0 1.314909 0 2.304722 1.21145
1 0.7611446 0 2.14452 1.963152 0.7628598
0 -0.4584048 2.995045 0.9261065 4.599877 -0.02151006
0 0.009620801 4.270818 1.33485 3.698434 0
1 2.188163 1.675841 2.693836 0.974359 1.159575
1 1.115706 2.088744 2.539536 1.257972 0.859743
1 0.4083038 2.108979 0 0.7963988 1.426212
1 0.56341 2.594152 3.51921 2.425055 1.054726
0 -0.220433 3.80499 1.658498 4.536108 1.188474
0 -0.103594 0 1.509909 3.787711 -0.4136175
1 -0.8026247 0 2.870132 2.196707 0.5311269
1 0.8797284 1.194645 0 2.314844 0.3901953
1 1.852483 1.668912 3.893159 1.338149 0.6193882
1 0.730843 2.845266 3.033398 1.897867 1.818086
0 0.633299 3.692508 0 3.816626 -0.3741334
1 0.8375507 0 3.09499 2.227083 0.7973172
0 0.2318055 3.914195 1.488003 4.635936 -0.6780378
1 0.8975694 1.377897 3.486391 2.039969 0
1 0.2542853 1.47015 4.004119 0 0.5306481
1 0.06271526 2.543805 2.652039 1.744435 1.413558
1 0.4951661 1.734708 3.473171 2.613642 0.793246
1 0.8353825 2.032421 2.526043 1.780716 0.5355673
0 -0.3071318 3.80628 0.877793 4.509721 -0.1028861
0 0 3.526826 0 4.043561 -0.7211307
1 0.9470132 0 3.165065 0 1.300342
1 1.752855 1.932301 3.022249 2.845698 1.894453
0 -0.1829228 0 0.5895878 3.483801 -1.124765
0 0.1418389 4.245785 1.785146 0 -0.8272524
0 -0.4709928 3.572713 1.491335 0 0.04310454
1 0.1388601 1.266 2.822732 2.68103 1.488791
1 1.090185 0 3.014463 1.471621 0.7554545
1 0.8994935 2.522253 2.559385 2.349503 0.5813102
0 0 3.619239 0 3.540533 0.7946312
0 0.3541096 4.396204 1.268126 0 -0.4646497
1 0.8477823 0 3.372398 1.672477 1.968025
1 0.9604066 0 2.946594 1.538535 1.931276
1 1.448391 2.469102 3.379147 1.872834 0.7975608
0 -0.1648551 3.507034 0.6115527 4.158221 -0.2814912
1 0.6782183 0 3.549968 0 0.3775902
1 1.674105 1.807617 4.053218 1.927088 0.9147393
1 1.160404 1.846471 3.735107 2.533755 0.4713064
1 0.1532294 2.364287 3.715488 2.906291 1.93761
0 0.2522129 4.462775 0.6448342 3.678594 -0.8385967
0 0.63177 3.67698 0.7778323 3.823481 0.191835
1 1.003504 1.305354 2.50419 1.96923 1.032022
1 0.7432454 1.979908 3.10775 0 1.157945
0 -0.01410448 3.465503 1.65133 3.631815 -0.2650995
1 0 0 3.312069 2.182719 1.30619
0 -0.3118243 3.83968 1.139884 4.006703 -0.5765753
0 0.20508 4.827566 1.25794 4.269335 -0.8317485
0 -0.3849409 3.638614 1.317333 0 -0.3144725
0 0.05105305 3.569462 0.2673513 3.595852 -0.4951555
0 -0.2184776 4.249457 1.053599 4.319826 0.004594557
0 -0.2696946 4.27533 0.7578521 3.446637 0.381818
1 0.9264101 1.477514 2.439903 1.185422 0.7368354
0 -0.2448961 3.599153 2.477545 5.030759 0.09464117
0 0.6272744 4.001587 1.101681 4.26336 0.3555228
0 0 2.914267 1.305291 5.102934 -0.1354477
1 0.4606492 0 2.764934 1.480474 0.907836
0 -0.7049235 4.406307 0.6095296 3.86844 -0.07550475
0 -0.04960299 4.161736 2.0385 3.015924 0.06008346
1 0.4852371 1.791494 3.514229 1.940449 1.329319
1 1.540695 1.552354 3.27377 1.669591 1.361029
1 1.373477 1.917022 3.136095 0 0.8488274
1 0.565101 2.518964 3.704229 2.069857 1.076971
0 0.2716781 3.93348 0 0 0.761944
0 -0.3741373 4.684071 1.228426 5.270396 0.3418652
1 1.162444 1.810235 0 1.553596 0.7993325
0 -0.6435144 4.396021 0.9714365 4.475656 0.2107649
0 -0.5711437 0 0.5709655 3.700254 -0.1840789
0 0.7882848 3.142088 0.7345368 3.921675 0.02382272
1 0.9119147 2.181619 3.084706 1.558485 1.222706
1 0.8860413 3.070026 2.485958 0 1.023368
1 0.9538507 3.059411 3.388171 2.042187 1.318745
1 1.275691 2.136659 2.848004 2.127584 0.8333369
0 0.3508063 4.648367 0 4.367004 0
1 1.11696 1.107286 0 2.196245 1.252093
0 -0.04686802 3.335916 1.421194 0 -0.3090329
1 0 2.664803 2.611196 1.937339 0.005841963
1 0.5149158 1.904771 3.338853 3.013959 0.632083
0 0 3.163036 1.451071 3.5855 -0.2698165
0 0.08505172 3.69726 1.324786 4.864881 0.2844307
0 0.2127055 0 1.130562 4.285011 0
0 -0.1050942 4.058376 1.148638 3.84046 0.2283846
0 0.4471781 4.250244 0.104696 3.520565 -0.5116887
1 0 2.670267 3.498064 0.6763976 0.3804972
1 0.9295405 1.858892 2.794128 2.45609 0
1 1.212394 2.070758 3.512517 2.540249 1.120792
0 -0.05385281 3.734147 0.9051907 4.877235 -0.5794092
0 0 4.262697 0.7300378 4.36774 -0.003872512
0 0.3257459 3.812673 0.8771043 3.782678 -1.027758
1 1.830075 0 3.359184 2.241355 1.06874
1 1.214056 1.840887 3.093011 2.365789 0.724173
0 -0.1046913 4.466125 1.796306 3.455956 0.6084677
0 -0.3437266 4.522687 0 3.181391 0.4580787
0 -0.5528401 4.196413 0.410932 3.777551 -0.1036041
0 -0.4532899 4.352385 0 2.765754 0.2527243
0 0.1589008 3.889406 0.7994954 4.191461 -0.179701
0 0.7167768 3.448746 1.134455 4.136779 -0.3450681
0 0.2710007 0 1.329103 3.24801 -0.8007609
0 0.09094986 3.648024 1.243233 3.38466 0.1407653
1 1.075066 2.240723 1.761008 1.997244 1.413713
1 0 0 3.554264 0 1.332498
0 -0.4694751 4.524777 1.549178 4.01138 0
0 0.7470442 4.377115 1.307176 3.278289 0.6888763
1 1.413491 1.779501 2.703189 2.371567 0.797851
0 0.3597689 4.174671 0 3.754068 0.1143853
0 0.4953028 4.628045 0.191664 4.691872 -0.1185068
1 0.7828339 1.06732 3.645344 2.702301 1.045466
0 0.6456185 0 0.3869743 3.98838 0.01344196
1 0.8795733 0 3.569949 2.662876 0.685258
0 0.4767282 4.640181 1.25333 3.99635 -0.06943523
1 1.927768 1.587597 3.822486 3.021436 0
1 0.3428976 1.860678 2.660914 0 1.179243
1 0.7344925 2.665551 3.791452 1.940083 1.15899
0 0.7778405 3.54389 0.7166101 3.596845 0.4993067
1 0.4022964 1.532777 4.225482 0.7928866 0.7318487
1 0.6692113 1.708449 0 1.40558 1.501129
1 1.289563 2.043671 1.987921 2.765893 0.5218315
1 0.9763471 1.485679 3.511321 0 0.8037976
1 1.179289 2.423712 3.333318 1.585521 1.260553
0 -0.3960414 3.87607 1.201407 4.252073 0.4649616
1 0.6984287 1.783344 3.613063 2.136047 0.9447819
1 0.9133678 2.45761 3.605256 2.933318 0.6936959
1 1.338006 2.733343 2.648014 1.25204 0.7487676
0 -0.5519493 3.723397 1.111091 4.214449 0
1 0 0 3.211376 2.362599 0.02748115
1 1.324125 1.912439 3.090745 2.267004 0.9060307
1 -0.6240639 2.252458 3.080271 1.319645 1.164833
1 1.359016 0 3.359378 2.821587 0.9952191
1 1.213029 2.172663 0 1.825421 0.2880314
1 -0.0970469 0 3.013473 2.798203 0
0 0.2833169 3.009966 1.35786 3.608721 0.5906975
1 0.5644867 1.583077 2.922466 1.717599 1.164731
0 0 3.676831 0.9030123 3.532612 -0.6022242
1 1.406046 1.81707 0 1.67554 1.327396
0 -0.3815278 3.780677 1.144258 0 -0.01204183
0 0.4572111 4.250457 1.346846 3.333738 0.4512948
1 0.5813464 2.50504 0 1.66193 0.6588784
0 0.04578847 4.184245 0 4.485981 -0.0005414983
1 1.413281 1.204904 2.844383 1.749545 0.5319072
0 0 4.515765 0.8987656 3.647011 -0.5873868
1 0.6365043 2.619505 2.482796 1.470996 0.873564
1 1.563698 1.463572 0 2.561566 0
1 1.546298 2.043298 2.946902 2.044414 0.6113976
0 -0.4027682 2.918709 0.8010449 4.632765 -0.06076838
1 0.52733 2.021074 3.023063 2.53848 1.426046
0 0.6816209 4.551458 0.5140299 3.991557 0.06704273
0 -0.2576817 4.193018 1.455548 4.009178 0.533628
1 1.439008 2.399646 1.879157 1.635095 1.482721
0 -1.027243 4.416361 1.059995 4.223337 0.4428104
1 1.608568 2.279817 2.441921 1.71585 1.110204
0 -0.1050365 3.037513 0.8750809 4.06456 0.2499423
1 0 2.880389 2.986347 1.73699 1.163359
0 0.7237991 4.582405 0.8525701 4.307151 0.4585695
1 1.012366 1.241999 0 2.045275 1.171591
0 -0.402306 3.815737 0.9101688 4.128396 -1.060164
0 -0.005234722 4.464594 0.8665398 0 0.2378361
0 0.2637162 4.654944 1.646633 3.689227 0.0731538
1 1.416681 0 3.986626 1.95978 1.219093
1 0 1.637205 3.21043 2.764183 0.9307069
0 -0.2558222 0 0.673452 3.609694 0.3459646
1 0 1.701886 3.213557 0.9608614 0.9359417
1 0.2906078 1.537695 2.550316 1.764457 0.4931525
0 -0.3024489 4.547628 0 4.488015 0.5505948
1 0.823648 2.986716 3.323653 3.027675 0.546913
1 1.070166 2.147914 3.658863 1.938161 0.3668173
0 -0.9455164 3.746383 0.0362353 4.374906 0.4650861
1 1.6257 2.684002 2.71352 2.489098 0.7527137
0 0.2216905 3.377754 -0.1087075 0 0.1213682
1 1.797086 0 2.245082 2.619848 1.011672
0 -0.3381518 4.450208 1.623812 3.693013 -0.4490649
0 0.2211716 3.311257 2.45191 0 0.133289
0 0.430806 4.094947 0 3.783779 0.3653727
0 0.1208548 4.333431 1.326565 4.139614 -0.538787
1 0.8442626 1.125864 3.171345 1.451004 1.087922
0 0.3993652 3.866233 1.625632 4.739274 0.5456824
1 0.5342679 2.697244 3.287111 2.115486 0.5915596
0 0.1071178 4.084317 0.7191512 4.0202 0
0 -0.2272472 2.848154 1.507114 3.759922 0
0 -0.5612448 4.062248 1.14327 3.336512 0.9827331
0 0.5303996 3.82554 0.8076298 4.400391 -0.7256423
0 -0.1208662 4.023839 0.4536646 4.018789 0.6493803
1 0.1718431 1.615846 2.72494 1.505936 0
0 0.1182938 3.038501 0.814675 3.974737 -0.8084407
1 1.178212 1.789002 2.501346 3.041627 1.144463
0 0.01733968 3.895711 1.240124 4.883282 0.1978855
1 0.7795522 2.384832 3.33801 1.982134 1.356827
0 0.07482765 4.000702 1.592314 0 0
0 0.07233345 0 0.6420325 3.929964 0.2036208
1 0.3975084 2.457079 2.994755 0 0
0 -0.1186345 2.909907 1.378264 3.347589 -0.9558173
0 -1.194379 3.950696 0.8416884 3.658615 -0.5130993
1 1.924445 1.857563 3.435569 2.399894 1.106525
1 0.3954744 1.625457 2.692879 3.022805 0.5365082
1 1.288669 2.166795 3.421276 2.46688 1.535797
1 0.8600647 2.050564 3.16292 2.761469 0
1 1.325203 0 3.452338 1.181138 0.3405414
0 -0.1659754 4.227605 0.4424227 5.145298 -0.9488316
0 -0.08353533 0 1.062084 4.505866 -0.2297669
1 0.1658375 2.342588 2.790744 1.918892 1.070111
1 0.7673081 2.066117 4.360746 2.148785 1.652631
0 -0.05538675 3.854373 0.7783431 4.489946 -0.5553231
0 -0.9575324 3.662752 1.658199 3.703231 -0.9852603
1 0 1.578445 3.223606 1.343122 -0.03722419
1 1.220202 2.683863 2.968943 1.846127 0
0 0.195592 3.581809 1.581922 4.480332 0.6504944
1 0.2770698 1.872915 2.842895 0 1.359029
0 -0.4958642 3.563998 1.341946 3.694101 0.154398
0 -0.1451612 3.181899 0.6045866 4.290542 0.3574589
0 0.7170069 5.009072 1.45743 4.449867 0.2358501
1 1.0804 1.729087 0 2.407209 0
1 1.614077 2.874998 3.929313 1.799863 1.413878
0 0.6735969 3.440423 1.356604 3.643384 0.8027676
1 1.302604 1.90636 1.530725 1.824003 1.624163
0 0.04148382 3.903818 0.7526279 4.382735 -0.2201253
0 0.2727477 3.615413 1.173123 3.93526 -0.2370196
1 1.066404 0 2.911319 2.247811 1.715305
1 1.655827 1.718481 2.751472 2.624095 1.113021
0 -0.8563618 4.592299 1.174935 4.817509 0.72863
1 0 2.602586 3.241184 1.934083 1.63602
0 0.0541043 4.239463 1.194895 4.575344 -0.3212874
1 0 3.187233 3.146911 1.684207 0.9778916
0 -0.3827479 4.257137 0.7259102 4.42907 0
1 2.035915 2.512783 2.533483 1.307925 1.105183
0 0.3191502 4.406278 0.6174954 3.30222 0.01987959
1 1.069051 1.98208 2.715384 1.209663 1.410492
0 -0.2590381 0 0.6908552 3.302116 -0.2034388
0 -0.1774851 3.61927 0.726303 3.91369 -0.3354258
1 1.386052 2.099842 0 1.78713 0.5459398
0 0.3666259 4.143668 1.447764 3.750046 0.4798488
1 1.81855 3.030172 3.182986 1.450438 0.9296359
1 1.476303 1.469179 3.344689 2.521382 0.3114894
0 0.3319396 4.08798 1.122119 3.732164 0.3614642
0 -0.2363993 4.250485 0.5742509 3.553777 -0.07504111
0 0.3539915 4.34058 0.769121 3.396063 0.03022967
0 -0.8895344 4.413039 1.043782 4.228813 -1.009336
0 -0.4809733 3.882301 0.8197323 3.454584 -0.3723721
1 0 1.862781 2.492369 1.796126 1.322053
0 0.2425785 4.193846 0.8225003 2.855672 -0.464046
0 0.4061465 3.628132 0.8236879 4.585942 0.2992938
0 0.2864026 3.800799 -0.2119809 3.756656 0.02220332
1 1.037826 1.440809 0 2.562065 0.6449575
0 0.0643593 4.196378 1.004772 4.644239 0.1455098
0 -0.3100776 0 0.5018012 3.773224 -0.05449567
1 1.017773 1.991155 2.207593 0.9452912 1.312442
1 1.421275 2.222884 2.75661 2.676131 1.319496
0 0.0009661549 3.611833 1.235704 4.102444 0.2264968
0 -0.8057321 2.7924 0.5109551 4.228838 -0.401341
0 0.9077972 3.476434 1.409072 3.41874 -0.1520313
1 0.05683653 2.005893 3.669784 1.536904 0.7429452
1 1.091947 3.011252 2.015732 2.371905 2.290611
1 1.453 2.060916 2.838744 1.506434 0.4118028
0 -0.1067821 3.920874 1.263577 4.18714 -0.3240821
1 1.24143 1.941923 1.979045 0 1.412787
1 1.953873 0.9501027 0 2.457141 1.338894
0 0.9340088 4.285374 0 3.326714 -0.2393259
0 0.6275402 4.285471 1.187996 4.400092 0.01470825
0 -0.347405 4.300769 0.3757327 3.459879 0
1 0.5459654 2.580214 3.645486 2.347165 0.924202
0 0 4.475519 1.083851 4.026259 0.9264849
1 1.349926 2.031073 3.625714 2.246116 0
0 -0.7447789 4.829638 0.7477766 4.109793 -0.2557968
0 -0.7241513 3.938062 1.07465 3.104736 0.6529373
1 0 1.649091 2.884079 1.556624 0
0 0 4.310623 0 3.144058 0.7336483
0 0.2435914 4.368483 0.06919015 4.511952 0.1914718
1 1.516435 2.149985 3.15984 2.154513 0
1 0.7439608 1.39865 2.460402 2.234356 0.384407
0 -0.550578 3.764735 1.390086 4.359014 0.2164456
1 0 2.677087 3.143943 2.20774 0.0251716
1 0.6845021 2.011477 2.979107 1.320634 1.303449
0 -0.09198745 4.068512 -0.3064193 4.360264 0
1 2.066773 0.8795652 3.171594 2.208371 0.8176949
1 1.224893 2.04769 0 2.558487 0.7884939
1 1.373783 2.968843 2.320821 2.376682 0.3768986
1 1.634857 1.989719 0 1.855602 0.3479818
0 0.7019469 5.141154 0.6767045 4.158779 -0.3907757
0 0.2554584 3.120165 0 3.36124 0.08624176
1 1.306442 2.204925 3.465001 2.564819 1.53574
1 1.123261 1.999624 3.299485 2.266495 1.649434
0 -0.8478833 4.068814 0.9554196 3.790393 -0.0970469
0 0.8225128 4.235681 1.298253 3.127559 -0.109473
0 -0.6953044 4.149055 0.9140878 4.291469 0.0576394
0 -1.128717 3.745436 0.8336811 3.64335 -0.1133938
1 0.9620733 1.646467 3.631773 1.131379 2.06065
1 0 1.937094 3.331941 1.317004 0.5482528
1 0.9334533 2.283172 2.744268 2.074287 0.4989707
1 0.2898587 2.023815 0 1.976777 2.542704
0 -0.4035114 4.284553 1.763195 3.608392 0
0 -0.5600009 3.693929 1.478502 3.309871 -0.2830944
1 1.353265 1.652826 3.107024 2.761742 1.292867
0 -1.416592 5.656398 0.9448873 4.596396 -0.4566816
1 -0.3981256 2.887716 0 2.318752 0.38121
0 0 3.598219 1.271253 4.138171 0.6522503
1 0.2654926 2.236604 2.725869 1.495884 0.2156924
0 0.03663615 2.584055 0.9114172 4.295597 -0.3227885
1 1.072872 2.215087 4.446109 2.451401 0.7337554
0 0.1672841 4.419791 0 4.200232 0.7995138
1 0 0 3.640016 1.035359 1.198106
1 0.9664676 1.652899 2.551291 1.673409 0.01990702
1 1.630444 1.755895 3.36703 1.706638 1.242577
0 -0.5208443 5.03985 1.336283 0 -0.9774281
0 0.5900169 5.051679 1.302846 4.09011 0.0283072
0 -0.5739709 3.702293 0.7512714 4.230097 0.001074009
1 1.264458 2.179313 3.806164 2.259178 0.4741148
1 1.231938 1.390375 0 2.434884 0.3220941
1 1.17125 1.716133 2.827029 2.558523 0
0 -0.5252665 3.443107 0.2480299 3.773826 0.5772073
0 0.008356542 3.903774 1.584035 4.10738 0
1 1.127984 1.642015 2.83774 1.997124 1.318745
0 -0.4634323 4.246484 0.8352204 3.964239 -0.01608453
0 -0.2427593 4.386038 0.3111003 4.43507 0
0 -0.01818568 3.142681 0.7577941 4.542463 0.3801037
0 -0.1438154 3.897635 0.7318531 3.724872 0.2146541
1 1.179577 1.947094 2.574813 0 0.8890104
1 1.616277 2.745025 3.116345 2.178553 1.704603
1 0.5549458 1.881565 2.687478 1.542452 1.27895
0 -0.3299737 4.664911 1.183466 3.98297 -0.1323498
1 0 2.156058 2.788645 2.463433 0.04318821
0 0.7941854 3.742325 1.119835 4.074719 -0.2560481
0 -1.46636 4.500032 0.9070626 4.220939 0.649197
0 0.2777344 0 1.361682 3.105734 -0.4065119
1 0.4041501 2.586387 3.052709 2.462616 0.6827115
1 1.367397 2.111389 4.186991 2.620602 1.989057
1 0 0 3.106008 2.561519 1.828785
1 0.7722449 0 2.853788 1.616763 0.793427
1 0.8825505 1.933133 3.162734 2.256468 0
0 1.053083 0 1.625213 3.880539 -0.3560185
1 0.4520463 1.871032 1.579751 2.57914 0.09279246
1 0.7378151 2.408901 3.145794 0 1.73168
1 0 2.187505 3.543877 2.006144 1.604496
1 0.1716658 2.625776 3.273329 1.997376 0.9093944
1 0.723945 2.468487 3.197939 0 0.6482161
1 -0.2776224 1.728658 3.308856 2.152159 0.7204492
1 0.1569696 2.355839 0 2.159446 1.118855
1 1.164228 1.208487 3.058768 2.12786 0.746196
1 1.771931 1.310412 3.709058 1.256484 1.37233
1 0.6817539 2.728216 3.341786 1.557931 0.3541384
1 0.2947858 2.705963 2.507688 0 -0.4004221
1 0.4135733 0 3.398698 2.211477 1.304783
0 -0.10564 4.436917 1.762074 4.2169 0.3081882
0 0 4.016219 1.100002 3.076987 -0.1816209
1 1.194145 1.575263 1.969811 1.955099 0.8578547
0 0.02287202 3.419434 1.29451 4.446811 -0.4641071
0 0.3503201 4.590607 1.665032 4.270285 0.4234335
1 0.6060592 2.439543 3.862983 1.768617 0.5813088
0 1.283781 3.689987 0.4894334 3.653497 -0.04987834
0 -0.212963 0 1.651119 4.573448 0.6922873
0 0.881553 4.168421 1.018416 3.785316 -0.755207
1 1.286186 1.913356 3.153162 2.091218 0.2606514
1 1.319833 2.370426 2.795974 1.701924 0.9569682
1 0.6866209 0 2.706978 0.9547221 1.130021
1 1.473982 2.387287 1.902373 2.423106 0
1 1.577257 1.784392 2.269943 2.283968 0.9335298
1 0 1.487861 2.214513 1.409381 0.8377541
0 0.6501613 3.907361 2.321092 4.803803 0.4445126
0 0.3339455 3.983307 0.9038065 3.852075 -0.02678166
0 0.7818012 4.340513 1.668625 0 -0.3282171
0 0 4.275799 1.504265 4.128687 -0.880619
1 1.37928 1.809026 3.405369 2.79334 1.966265
0 0.8257485 3.784074 0.5232257 0 0
1 0 0 3.077451 2.210117 1.005652
0 -0.4724977 0 0.1420499 3.569478 0.1133992
0 -0.556521 3.525036 0.7840062 4.740344 0
0 -1.081837 3.677696 1.012502 3.696482 0
0 -0.9654711 4.491388 0 3.324484 0.1520766
0 0.4870873 3.449853 0.8965225 3.628014 0
1 0 2.615067 1.989184 2.156699 0.9196548
1 0.7483395 2.513859 3.351103 1.708681 1.508953
1 0.996687 1.944299 2.72799 2.68873 0
1 0.6819523 2.338919 2.84548 1.508876 0.7362597
1 1.423583 2.857348 2.839296 1.699417 1.737414
1 0.8091953 2.659873 0 2.291259 1.630986
1 0 1.529724 3.120152 2.567661 1.737165
0 0 3.881259 1.491452 4.284027 -0.8235319
0 0.3974779 4.248075 1.669759 4.028545 0.2151832
0 -0.09105047 4.929835 0.8292812 3.332097 -0.1501559
1 0.5592124 2.384049 2.696489 0 0.9941477
0 -0.06889183 4.133982 0.8057243 0 0.4558461
0 -0.7248551 4.334032 0.8204804 4.826972 0.170067
0 -0.4905068 3.652366 0 3.664148 0.196408
0 -0.392785 4.086858 0.3337106 4.073921 0.5667702
0 -0.303008 4.455466 1.477873 3.408842 0
0 0.1905416 3.399842 1.506056 4.847267 0.6059781
1 0.3929024 1.859451 3.710594 1.488873 0.3876849
0 -0.8670285 3.013741 0.4395517 3.794836 -0.5442647
0 -0.8894403 4.214256 0.3881161 4.063769 -0.1468244
1 0.9945716 1.648486 2.269745 1.584663 0.5163375
0 0 4.077358 0.7114445 4.009257 0.8644271
0 -0.2854047 4.553386 0.6898986 0 0.3990925
0 0.2791705 4.094285 0.7975462 3.291767 0.2250474
0 -0.1155657 4.260309 1.094521 4.456288 -0.1079144
1 1.76605 0 2.611861 2.38061 0.4157293
1 1.564215 2.064901 3.529941 2.15387 0.1646251
0 -0.466751 0 0 3.342859 0.04100988
0 0.784597 4.296557 1.496005 3.741825 -0.01331535
1 0.7467112 2.468861 2.587536 1.448492 -0.204428
1 1.182691 1.912003 2.236499 1.439068 0.8636493
0 0.06503666 0 2.310982 4.104731 -0.03808952
1 0.9867597 2.570591 2.893667 2.9048 0.588433
0 0.7199801 3.128194 0.9705483 4.030102 0.451025
0 -0.5499501 4.925422 0.1012651 0 0.05923124
0 0.1481098 4.236443 0.879528 3.775222 -0.1072033
0 0.7183783 4.055031 0.968359 2.863616 -1.251765
1 0.4251349 2.523513 3.343638 1.795003 1.322666
0 -0.607825 4.181339 1.705094 0 0.1594137
0 0.2129354 3.976569 0.9470581 3.867287 0.0690125
0 -0.3321636 4.393486 0 4.458674 0.5844721
1 1.881015 2.201044 4.30875 1.788973 1.227949
0 -0.426845 5.028014 1.090637 0 0
1 0.8561594 1.734432 0 0.8835415 1.577146
1 1.403319 1.472752 3.13853 2.809125 0.3701801
1 0.7782046 0.9561099 3.897159 2.59084 0.812227
1 1.317444 2.447789 3.164589 1.626214 0.7305026
1 0 2.23325 3.694527 0.9332046 -0.1034112
0 0.1569015 3.649479 0.8113894 3.741106 -0.05208621
0 -0.1450365 4.254464 1.233793 3.671249 0.8568873
1 0.853709 2.058976 3.030452 0 1.409736
0 -0.007614783 3.333168 1.710387 3.797805 0
1 1.39981 2.081937 3.609786 1.949856 0.36803
1 1.23932 2.421133 2.866063 0 1.021381
1 1.837026 1.822645 3.204767 1.860863 0.9621717
1 1.198022 1.678666 3.464354 2.198141 0.4316687
1 0.4877537 2.263886 2.486839 2.092466 1.302118
1 1.643639 1.420618 3.044838 2.315782 1.310283
1 0.7989327 2.461862 3.212094 2.468325 0.8504351
1 1.253727 1.77197 3.062883 2.143673 0.9842693
1 1.294495 2.463773 3.516013 2.242467 1.778889
0 0.2075403 3.007499 0 3.836359 -0.1357812
0 0.5784093 3.502647 1.031253 4.551286 0.04821398
0 -0.2468043 3.726782 1.123758 4.148956 0.2480521
0 0 4.076714 0.8186846 4.18174 0.09859586
1 0.8259016 2.33064 3.114912 1.978917 1.020372
0 -0.2843962 4.882138 0.7816273 3.410831 0.1756078
0 0.1803081 3.648695 1.111554 0 -0.5102238
0 0.1482565 4.343649 0.7938267 0 -0.2368656
0 0.1755932 4.723079 0.6046578 3.090617 -0.5832287
0 0.6850762 4.755309 0 3.173853 0.3195479
0 0.1209576 4.485846 1.442241 3.618966 -0.2400759
0 0.1687119 3.912164 0.3119585 3.622711 0
1 1.311346 1.928061 2.295887 1.269447 1.068505
0 0 3.404266 0.8996749 3.604066 0
0 0.4337328 4.213706 1.803349 4.799701 -0.0839759
1 0.8023223 2.823959 2.874026 2.053991 0
1 0.5684435 1.907808 2.785542 2.18958 0.9709697
0 0.2243791 3.205601 1.247882 0 -0.931365
0 0.2010355 3.457253 0.7042461 2.730473 -0.4221551
0 -0.6642141 4.291037 0.7789684 4.366836 0.6772453
1 2.242148 2.054504 2.603209 0 0.6149257
1 -0.1752697 1.53755 2.775823 1.581511 0.7954806
0 0.1784035 3.23933 0.7268008 4.283525 0
0 -0.6259109 3.167248 0.6943511 3.826162 0
0 0.3122548 4.289469 0.400457 3.684132 0.5143075
1 1.070961 2.365283 0 1.690694 0
0 -0.1906125 3.739387 0.7715918 3.676247 -0.6574721
0 0.1871275 3.866173 0.2514806 4.144229 -0.03144569
1 1.505425 2.055607 2.73951 2.899521 1.180531
1 0.730647 2.495554 2.631496 1.84047 0.4365461
0 -0.7550796 3.848201 1.745762 3.634828 0.1180682
0 0.2654432 4.258794 0 3.081577 -0.2864708
1 1.583576 2.273903 3.569358 3.914023 0.0787262
1 1.595037 2.306717 3.621998 1.831391 0.4364879
1 1.640895 2.412807 3.367376 2.319021 0.8352108
0 0.03346886 4.49935 0.9734898 3.026597 -0.41178
1 0.8107722 0 0 1.355736 0.007991445
1 0.002545365 2.032572 3.560509 3.288608 1.205334
0 -0.8300966 3.863313 0.4181148 4.236323 -0.05111019
0 0 3.338695 0.3658418 4.208643 -0.01469734
1 1.29929 1.963539 3.266386 2.528322 1.292268
1 1.612693 1.684802 2.452654 1.962661 0.7597476
0 0.4507811 3.927239 0.5958236 4.619635 -0.02866247
1 0.1064171 1.674093 2.835705 1.714956 1.711058
0 1.758582 5.223799 1.736694 4.487397 -0.6138661
1 1.603502 2.457692 3.138105 1.38786 1.441611
1 0.7222813 2.318369 2.64122 1.796717 1.194636
1 0.3232967 2.082505 2.686825 2.087849 0.8282493
0 0.3227452 0 0.7059472 5.032643 0.132223
0 -0.4610037 4.194159 1.593491 3.77187 0.1957358
1 1.137507 2.662166 3.181706 2.134836 0.434117
1 0.8015572 1.89611 3.233393 1.77954 0.2698524
0 -0.6292159 3.813475 1.379325 4.78907 0
1 1.204492 3.186183 2.909602 1.649495 1.30137
1 0.7095605 1.66834 2.781233 2.435783 1.750286
0 0.3688315 4.357816 0.7938509 3.371792 -0.6031825
1 1.241115 3.001834 2.690649 1.421516 1.376707
0 -0.3396538 3.177765 0.8800097 3.324623 0.9122412
0 0.5962071 4.079228 1.432827 4.024878 0.002038251
1 0.5148092 0 2.468541 1.922835 1.061828
1 1.600992 2.526746 2.897511 0 0.882349
0 -0.1872259 4.13301 1.828368 0 1.005696
0 -0.9927332 4.286429 2.151215 4.093585 0
1 0.635226 2.42687 2.517574 2.371632 1.352239
0 0.2661942 3.582751 2.037935 4.044758 -0.6401973
1 0.9419148 1.75742 3.611408 1.835713 0.5580578
0 0 3.637197 0.2811549 0 0.9000717
1 1.24022 2.527068 2.959544 3.111218 1.720054
0 0.4060631 4.339341 0.538486 4.133612 -0.2148859
1 1.026042 1.700425 4.259777 2.695592 0.9460095
1 0 2.603463 2.162287 2.021929 0.959151
0 -0.1864385 3.926125 0.463586 4.292532 -0.5731081
1 0.4375283 2.275241 2.997452 1.839418 0
1 0.6258144 0 3.256761 1.045522 0.8016526
0 0.2468106 4.261247 0.9876491 3.001981 -0.04450035
0 -0.2880739 4.167848 0.6980401 4.243344 0.1617476
0 -0.6688955 4.179072 1.589146 4.277288 0.04847742
1 0.7442165 0 2.898664 0 1.187025
1 1.169446 1.981606 3.941775 0 1.254086
0 -0.3557588 4.414709 0 4.077426 0.1226151
1 0.8183919 2.479385 3.263816 2.251637 1.056465
0 -0.3262104 3.667196 0.4761099 4.120131 -0.05937475
1 1.313335 2.316934 2.247738 0 1.115263
1 0 1.720572 2.935389 2.749716 0.1273312
0 0.3538595 4.490868 1.098241 3.888003 0.8812876
1 -0.01255741 2.460711 2.836639 2.794649 0.6590278
0 0.4851493 3.731595 0.7839205 4.352287 0.0818965
1 0.7187595 1.99384 0 2.71253 0.7267302
1 1.47564 2.796905 0 1.829024 1.410214
1 1.713141 2.950017 3.100955 2.52057 1.205966
0 -0.09498638 0 0.591358 0 -0.6960702
0 -0.2067995 3.539861 1.379578 4.723903 -0.3856102
1 1.587202 2.182005 2.397411 1.943914 0.6570232
0 0.7150509 4.460671 1.229864 0 0
1 1.562256 2.230457 3.327378 1.753811 1.099592
1 1.851688 0 3.320022 2.42469 1.231787
0 0.2539578 3.917856 0.9422066 3.698923 0.4767804
1 0.985557 1.692002 3.387478 0 1.323399
0 0.07376703 3.138813 1.053316 3.786755 -0.1655872
1 1.272876 2.103553 2.645995 1.874829 0.6276615
1 1.392204 1.940121 2.649812 1.699487 0.5879772
0 -0.5787169 4.533366 0.9531678 4.143451 0.2708287
0 0.2538521 4.16724 0.9984561 3.190681 0.38288
0 0.4968 0 0.7788704 4.504694 0.3970596
1 0.8273422 1.916963 2.26288 1.530932 0
0 0.3336754 0 1.588173 3.311872 -0.7668395
1 0.7181297 0.7606748 0 2.285365 1.781006
0 0.7934702 4.201744 0.3309348 3.977678 -0.3453216
0 0.08236928 3.573335 0.9518502 3.924698 0
0 0.4370782 0 0.4696979 3.472447 -0.009900883
1 1.140675 1.189754 2.549977 2.294779 2.287351
0 0.2282188 3.354992 1.061547 4.023519 0.4633068
0 -0.2124002 4.766297 1.464475 4.004457 1.15577
0 1.050382 3.595976 0.8323272 3.74656 -0.1682736
0 0.1047505 4.303045 1.737039 3.839822 1.428888
0 0.2485345 4.26365 0 4.32141 -0.1003424
0 0.05983835 4.219555 0.8130569 4.742452 0.4830226
0 0.3060664 0 0.7614355 3.558025 0.2159489
0 0.233538 4.839686 0.5844202 4.137166 0.9078577
1 0.7742301 2.004005 0 1.390188 0.3667189
0 0.1127766 4.522451 0.8329515 4.466388 -0.622161
0 0.6028744 3.44713 1.916973 4.144054 -0.03403095
0 -0.08994804 4.632419 0.3383676 0 0.5656281
1 -0.0007536163 1.628077 3.514347 1.728035 1.966731
1 1.530493 2.306966 3.028472 2.014693 1.157544
0 -0.1648343 3.674148 1.22113 4.05976 0.1970744
1 0.7779558 1.873068 2.528734 2.049306 0.2942042
0 0.04903332 4.055847 0.9524687 0 0.6221886
0 -0.5632948 0 0 0 -0.6322324
1 0.3532478 1.371219 0 2.431172 1.184057
1 1.035459 0 3.129517 2.355202 1.168696
1 0.339994 2.077504 3.022023 1.870309 1.659379
1 0 1.524824 2.808828 1.979542 0.877426
1 -0.2755698 1.052115 3.545165 2.094094 0.2925522
1 1.172458 1.671513 2.754232 1.832849 0.5408638
0 0.151814 4.4268 0.5114326 3.482803 -0.7996931
0 -0.3629469 4.075273 0.6211963 5.589398 0.373158
1 1.64518 1.963284 0 2.623491 1.950725
0 0.4656282 0 1.302076 4.383165 0
1 0 0 3.180767 2.390495 1.156556
0 -1.126203 4.324043 1.252365 3.6535 1.041986
0 0.2088771 3.291953 0.9075322 4.699078 0.1113231
1 0.7259187 2.183854 3.261694 1.674673 0.4126789
0 -0.2552317 0 2.326578 3.31374 0.1962839
0 -0.4674302 3.543422 1.585362 2.976604 0
0 -0.006146893 0 1.607875 0 -0.04417915
0 0.15667 4.113362 1.48248 4.391702 0.1436364
0 0 3.692241 1.019992 4.600589 0.4450747
1 0.4579781 1.912208 2.566817 2.345925 1.137439
0 -0.1077941 3.640253 1.508098 4.596316 0.2876992
1 1.382877 2.641391 3.003003 1.797106 0
1 0.9496295 2.148086 3.596047 1.89507 0
1 1.645609 2.900398 3.099367 0 0.3252796
0 0.05971772 3.486148 0.5214414 4.207543 0.1921304
0 0.7008814 3.643081 0.06241287 3.72835 0.2173607
0 -0.4162454 3.878807 1.87091 0 0.6456027
0 0.2264671 3.161282 1.289379 3.625236 0.331259
1 0.2831954 2.492572 3.482644 1.511614 1.24945
1 1.548561 1.593823 3.205679 1.689703 0.9225487
0 -0.5102865 3.96381 1.013733 4.357957 0.006066512
1 0.5981139 1.925586 0 1.280357 0.5710073
1 0.4556225 1.895017 3.57794 1.319897 0.2245186
1 1.309826 2.264701 2.858761 2.324567 1.094664
1 2.272778 2.736383 3.3789 2.132285 0
0 -0.9573563 4.377563 0.9197396 3.831782 0.1537665
1 1.001364 1.275939 2.619294 0 0.4005753
1 0 2.440957 3.348662 2.22957 1.65263
1 0.3487401 1.843814 2.441355 1.434152 0.9940083
1 2.105512 1.705747 0 1.719332 0.9091544
1 0 2.262125 2.86393 1.823332 1.40912
0 -0.2574519 3.375028 0 3.611784 0.01423895
1 1.518684 2.261105 2.811898 1.841356 1.170041
0 0 4.466275 0.376268 3.892093 0.9619016
0 0 5.013885 0 4.607024 -0.7460326
1 1.684652 2.3729 0 2.494223 0.471618
1 0.06477768 1.58009 2.756656 2.549869 0.9416575
0 -0.003824038 3.716891 1.973122 0 0.685894
